0	-81.030403	0.000000	0.000000
1	-81.030403	0.000000	0.000000
1	-81.030403	0.000000	0.000000
2	-81.030403	0.000000	0.000000
2	-81.030403	0.000000	0.000000
3	-81.030403	0.000000	0.000000
3	-81.030403	0.000000	0.000000
4	-81.030403	0.000000	0.000000
4	-81.030403	0.000000	0.000000
5	-81.030403	0.000000	0.000000
5	-81.030296	0.000000	0.000000
6	-80.941605	0.000005	0.000000
6	-80.792870	0.000015	0.000000
7	-79.870674	0.000035	25.078369
7	-78.355240	0.000072	50.156738
8	-76.109238	0.000108	225.705322
8	-71.191460	0.000201	300.940430
9	-69.560997	0.000293	451.410645
9	-64.600494	0.000441	652.037598
10	-57.806107	0.001402	376.175537
10	-52.472683	0.001538	150.470215
11	-65.994011	0.000633	175.548584
11	-66.814301	0.000350	451.410645
12	-63.529850	0.000534	376.175537
12	-62.033199	0.000708	150.470215
13	-65.544838	0.000426	476.489014
13	-67.690247	0.000274	576.802490
14	-66.100197	0.000318	551.724121
14	-68.546303	0.000333	576.802490
15	-66.909935	0.000311	652.037598
15	-69.091423	0.000296	626.959229
16	-68.444839	0.000292	652.037598
16	-70.365204	0.000272	752.351074
17	-68.507660	0.000273	551.724121
17	-66.411179	0.000339	351.097168
18	-67.693184	0.000347	326.018799
18	-69.243889	0.000276	376.175537
19	-69.610527	0.000250	501.567413
19	-69.510513	0.000217	652.037598
20	-67.763290	0.000274	601.880859
20	-69.703819	0.000290	551.724121
21	-65.709251	0.000380	351.097168
21	-66.106438	0.000476	125.391853
22	-64.813667	0.000426	300.940430
22	-67.637695	0.000390	501.567413
23	-65.237831	0.000399	401.253906
23	-66.710213	0.000420	426.332275
24	-64.354721	0.000444	401.253906
24	-66.511742	0.000394	351.097168
25	-67.763870	0.000301	576.802490
25	-69.297226	0.000278	752.351074
26	-68.274773	0.000329	652.037598
26	-65.655045	0.000431	451.410645
27	-66.979012	0.000430	300.940430
27	-63.339397	0.000535	200.626953
28	-63.777809	0.000519	326.018799
28	-64.661560	0.000448	250.783707
29	-65.311653	0.000481	275.862061
29	-62.440884	0.000478	426.332275
30	-66.938217	0.000383	677.115967
30	-69.536621	0.000271	601.880859
31	-65.449013	0.000438	250.783707
31	-64.240105	0.000599	225.705322
32	-62.225254	0.000585	100.313477
32	-66.076805	0.000449	326.018799
33	-67.202614	0.000397	426.332275
33	-65.812157	0.000389	326.018799
34	-65.087097	0.000414	326.018799
34	-64.025116	0.000451	250.783707
35	-62.435467	0.000530	275.862061
35	-65.641716	0.000560	225.705322
36	-65.615334	0.000438	175.548584
36	-64.471527	0.000394	326.018799
37	-66.416466	0.000502	225.705322
37	-64.018600	0.000464	300.940430
38	-69.397057	0.000285	551.724121
38	-67.100266	0.000298	601.880859
39	-65.857040	0.000390	652.037598
39	-62.811562	0.000578	1655.172363
40	-59.466167	0.000913	2934.169189
40	-53.801380	0.001532	3210.031250
41	-54.411331	0.002050	3034.482666
41	-47.831776	0.002980	3034.482666
42	-48.659679	0.003091	3285.266357
42	-54.052044	0.002017	3159.874512
43	-54.168350	0.001734	3009.404297
43	-49.036877	0.002381	3109.717773
44	-50.405212	0.002884	3410.658203
44	-46.218742	0.003101	3435.736572
45	-52.867886	0.002319	2959.247559
45	-57.673714	0.001178	2382.445068
46	-55.876522	0.001309	1329.153564
46	-44.765633	0.005253	426.332275
47	-37.069748	0.011060	451.410645
47	-35.880062	0.012514	727.272705
48	-36.678196	0.011506	827.586182
48	-37.003979	0.011520	852.664551
49	-36.594471	0.011861	802.507812
49	-36.110790	0.012106	702.194336
50	-35.778744	0.012959	576.802490
50	-36.933918	0.011295	601.880859
51	-37.983295	0.009759	752.351074
51	-37.801086	0.010052	752.351074
52	-37.559811	0.010675	526.645752
52	-36.932045	0.012289	426.332275
53	-36.627045	0.011858	526.645752
53	-36.904781	0.012146	601.880859
54	-36.181839	0.013524	677.115967
54	-35.239143	0.014029	702.194336
55	-35.211544	0.014320	652.037598
55	-36.887897	0.012526	652.037598
56	-36.881916	0.011956	551.724121
56	-36.947014	0.012365	526.645752
57	-37.415398	0.010795	501.567413
57	-38.438942	0.010500	376.175537
58	-38.710243	0.009849	351.097168
58	-39.379795	0.009019	326.018799
59	-39.046635	0.009366	300.940430
59	-40.450779	0.008291	250.783707
60	-41.510590	0.006793	175.548584
60	-42.084053	0.006630	125.391853
61	-44.103012	0.005950	351.097168
61	-45.197903	0.004033	1304.075195
62	-49.774296	0.002662	2457.680176
62	-50.208862	0.002556	3009.404297
63	-47.101727	0.003372	3360.501465
63	-44.200535	0.004520	3310.344727
64	-45.783672	0.004422	3235.109619
64	-46.798771	0.003559	3335.423096
65	-45.972301	0.003947	3235.109619
65	-46.206715	0.004325	3235.109619
66	-47.021793	0.003740	3485.893311
66	-46.740845	0.003457	3410.658203
67	-46.574844	0.003895	3159.874512
67	-46.684128	0.003820	3385.579834
68	-46.102638	0.003964	3335.423096
68	-45.885368	0.003663	3210.031250
69	-48.853367	0.002780	3310.344727
69	-49.442959	0.002622	3410.658203
70	-49.752045	0.002757	3360.501465
70	-48.840427	0.003362	2984.325928
71	-46.512871	0.003088	3034.482666
71	-48.679016	0.003128	2959.247559
72	-47.724510	0.003201	2758.620605
72	-52.267815	0.002001	2909.090820
73	-47.812920	0.002925	3009.404297
73	-50.142242	0.002578	2432.601807
74	-58.849079	0.001243	1253.918457
74	-51.942383	0.001683	451.410645
75	-56.049797	0.001492	300.940430
75	-56.022915	0.001145	300.940430
76	-56.694305	0.001265	225.705322
76	-59.497593	0.001116	175.548584
77	-61.688053	0.000711	100.313477
77	-58.062733	0.001017	225.705322
78	-55.782425	0.001321	652.037598
78	-55.455143	0.001332	652.037598
79	-53.863094	0.001849	451.410645
79	-52.877399	0.001807	376.175537
80	-52.992680	0.001652	652.037598
80	-49.674072	0.002996	576.802490
81	-44.953979	0.004734	401.253906
81	-42.254959	0.006276	451.410645
82	-41.799961	0.007436	225.705322
82	-40.217892	0.008221	175.548584
83	-39.538490	0.009535	175.548584
83	-40.515591	0.007514	376.175537
84	-47.312759	0.003775	1454.545410
84	-47.608341	0.003405	2633.228760
85	-44.853470	0.004330	2758.620605
85	-42.766102	0.005650	2658.307129
86	-42.623325	0.005470	2858.934082
86	-45.331676	0.003769	2231.974854
87	-55.007061	0.002043	1203.761719
87	-55.929401	0.001069	877.742920
88	-58.555321	0.001163	652.037598
88	-58.592007	0.001076	426.332275
89	-50.549839	0.002799	626.959229
89	-42.663136	0.004387	1379.310303
90	-46.310764	0.003741	1605.015625
90	-49.615463	0.004178	902.821289
91	-38.914406	0.009232	451.410645
91	-35.257381	0.012738	601.880859
92	-35.359547	0.013170	852.664551
92	-36.169579	0.012445	902.821289
93	-37.178139	0.011024	927.899658
93	-38.644535	0.009600	902.821289
94	-39.064453	0.008723	727.272705
94	-38.709194	0.009504	677.115967
95	-38.533222	0.009702	777.429443
95	-38.249481	0.010314	702.194336
96	-38.420151	0.009429	626.959229
96	-38.276112	0.009819	652.037598
97	-37.377441	0.010362	652.037598
97	-37.080769	0.011109	476.489014
98	-37.371243	0.011058	326.018799
98	-37.252708	0.011185	351.097168
99	-37.062847	0.011492	401.253906
99	-37.281731	0.011150	451.410645
100	-37.644096	0.011220	376.175537
100	-37.865036	0.010704	351.097168
101	-38.103607	0.010345	476.489014
101	-39.062931	0.008861	601.880859
102	-39.531536	0.008447	626.959229
102	-39.232029	0.008013	827.586182
103	-38.652721	0.009295	752.351074
103	-37.898365	0.010791	752.351074
104	-37.129784	0.011254	877.742920
104	-36.387814	0.012419	902.821289
105	-37.411671	0.010830	752.351074
105	-40.081413	0.008886	351.097168
106	-39.416744	0.009882	326.018799
106	-37.322868	0.011103	727.272705
107	-35.969166	0.013040	852.664551
107	-35.528450	0.014140	852.664551
108	-35.389503	0.012688	1003.134827
108	-35.894299	0.013031	1003.134827
109	-35.996853	0.013430	1128.526611
109	-36.109390	0.011969	1203.761719
110	-36.317966	0.012026	1003.134827
110	-37.065430	0.011569	978.056396
111	-37.746368	0.009653	852.664551
111	-38.830151	0.008637	601.880859
112	-40.748295	0.008026	476.489014
112	-40.960106	0.007038	351.097168
113	-40.954197	0.006721	426.332275
113	-41.218964	0.007537	401.253906
114	-41.281944	0.007362	326.018799
114	-41.100666	0.006680	275.862061
115	-41.203190	0.007336	250.783707
115	-41.559311	0.007407	225.705322
116	-41.595871	0.006643	275.862061
116	-40.969318	0.007067	351.097168
117	-41.675217	0.007236	451.410645
117	-41.674553	0.006422	501.567413
118	-40.806751	0.007058	426.332275
118	-40.352570	0.008451	351.097168
119	-40.281433	0.008026	426.332275
119	-40.563332	0.007804	451.410645
120	-40.504898	0.008536	376.175537
120	-40.545273	0.008012	476.489014
121	-40.579720	0.007660	476.489014
121	-40.052975	0.008753	351.097168
122	-40.179779	0.008814	426.332275
122	-39.783878	0.008390	376.175537
123	-39.401886	0.009415	250.783707
123	-39.312023	0.009178	225.705322
124	-39.474335	0.007899	426.332275
124	-39.203430	0.008478	576.802490
125	-38.707230	0.009348	601.880859
125	-38.506191	0.008719	626.959229
126	-38.524025	0.009118	476.489014
126	-38.333153	0.010260	576.802490
127	-38.381489	0.008974	1078.369873
127	-39.239586	0.008225	902.821289
128	-39.236664	0.008462	401.253906
128	-39.846260	0.008227	275.862061
129	-40.916702	0.007638	225.705322
129	-41.909534	0.006272	526.645752
130	-43.721565	0.005290	852.664551
130	-45.771709	0.004464	1479.623779
131	-46.455650	0.004249	2332.288330
131	-45.432446	0.004264	2357.366699
132	-44.600349	0.004710	2056.426270
132	-43.869396	0.005670	1404.388672
133	-41.077972	0.007560	526.645752
133	-37.702015	0.009538	401.253906
134	-38.337715	0.009937	476.489014
134	-38.631039	0.008568	727.272705
135	-41.245598	0.006479	802.507812
135	-42.632187	0.006046	601.880859
136	-41.356110	0.007156	351.097168
136	-39.599319	0.009161	100.313477
137	-38.859974	0.009715	175.548584
137	-39.053459	0.008799	250.783707
138	-40.835964	0.007660	200.626953
138	-44.630783	0.005018	326.018799
139	-52.468166	0.002441	827.586182
139	-54.379501	0.001398	1128.526611
140	-57.668465	0.001163	1379.310303
140	-55.716984	0.001302	1905.956055
141	-55.813656	0.001295	2006.269653
141	-55.428791	0.001306	2006.269653
142	-55.037910	0.001327	2307.209961
142	-53.778610	0.001614	2507.836914
143	-52.942188	0.002035	1981.191162
143	-52.119034	0.001667	1278.996826
144	-56.826462	0.001252	902.821289
144	-52.814022	0.002409	501.567413
145	-40.412643	0.006850	326.018799
145	-38.388268	0.009941	401.253906
146	-38.662025	0.009413	476.489014
146	-38.681110	0.009664	501.567413
147	-39.562038	0.008366	551.724121
147	-40.694519	0.007019	451.410645
148	-39.926056	0.008237	351.097168
148	-39.529922	0.008120	250.783707
149	-39.467480	0.007958	125.391853
149	-39.543671	0.008578	275.862061
150	-40.720016	0.007587	451.410645
150	-40.524338	0.007500	451.410645
151	-39.497715	0.009001	576.802490
151	-39.372879	0.008615	652.037598
152	-39.724976	0.008306	526.645752
152	-39.492325	0.009178	451.410645
153	-39.418285	0.008758	451.410645
153	-39.136780	0.009360	401.253906
154	-38.598148	0.010002	501.567413
154	-38.413593	0.009800	652.037598
155	-38.669945	0.009788	601.880859
155	-38.354038	0.010205	376.175537
156	-37.829361	0.010711	200.626953
156	-37.586487	0.011518	150.470215
157	-36.907131	0.012135	225.705322
157	-37.294483	0.011054	275.862061
158	-37.291092	0.010973	275.862061
158	-36.689232	0.011864	275.862061
159	-36.781471	0.011888	275.862061
159	-37.043243	0.010750	376.175537
160	-38.337658	0.009112	476.489014
160	-38.764488	0.008600	476.489014
161	-39.491001	0.007901	401.253906
161	-39.926376	0.007792	326.018799
162	-40.646351	0.007392	275.862061
162	-42.397320	0.006992	250.783707
163	-40.966877	0.007421	200.626953
163	-42.835464	0.005946	200.626953
164	-46.398502	0.003966	225.705322
164	-51.605232	0.002530	225.705322
165	-54.590778	0.001655	576.802490
165	-58.914371	0.001108	852.664551
166	-56.240196	0.001134	1003.134827
166	-55.230053	0.001463	927.899658
167	-53.478542	0.001723	626.959229
167	-54.994797	0.001507	702.194336
168	-57.258289	0.001105	827.586182
168	-60.177116	0.000876	1003.134827
169	-60.136803	0.000815	902.821289
169	-57.869473	0.000840	827.586182
170	-60.974030	0.000894	727.272705
170	-58.068748	0.000878	551.724121
171	-61.563461	0.000742	476.489014
171	-60.510323	0.000729	300.940430
172	-60.020290	0.000883	225.705322
172	-58.870457	0.000897	175.548584
173	-61.518700	0.000733	225.705322
173	-60.637283	0.000729	225.705322
174	-61.806507	0.000747	150.470215
174	-63.415627	0.000574	250.783707
175	-67.692589	0.000356	501.567413
175	-66.968597	0.000418	376.175537
176	-63.019405	0.000698	125.391853
176	-59.204063	0.000728	250.783707
177	-62.376598	0.000611	351.097168
177	-62.681786	0.000668	300.940430
178	-60.205685	0.000657	250.783707
178	-64.853256	0.000414	326.018799
179	-66.122093	0.000391	376.175537
179	-65.872269	0.000403	225.705322
180	-67.576820	0.000312	351.097168
180	-65.063026	0.000408	401.253906
181	-66.187241	0.000384	501.567413
181	-68.465309	0.000348	501.567413
182	-64.733055	0.000386	300.940430
182	-69.486641	0.000326	300.940430
183	-68.342850	0.000301	376.175537
183	-65.724457	0.000452	401.253906
184	-60.810955	0.000689	250.783707
184	-64.637596	0.000624	225.705322
185	-65.474785	0.000471	275.862061
185	-65.126297	0.000412	250.783707
186	-62.484779	0.000497	150.470215
186	-65.389778	0.000545	200.626953
187	-65.003822	0.000406	326.018799
187	-69.329803	0.000322	326.018799
188	-66.646858	0.000403	376.175537
188	-64.795799	0.000509	275.862061
189	-64.207520	0.000594	125.391853
189	-62.729908	0.000501	401.253906
190	-65.776588	0.000374	451.410645
190	-67.313660	0.000434	351.097168
191	-65.530746	0.000334	501.567413
191	-64.540108	0.000389	451.410645
192	-65.417641	0.000468	351.097168
192	-67.601082	0.000443	401.253906
193	-61.670139	0.000551	326.018799
193	-60.089027	0.000750	200.626953
194	-60.289726	0.000760	225.705322
194	-63.049915	0.000672	125.391853
195	-62.470150	0.000594	476.489014
195	-67.288277	0.000601	526.645752
196	-60.466774	0.000707	175.548584
196	-65.201256	0.000493	376.175537
197	-65.188065	0.000376	376.175537
197	-64.482155	0.000470	225.705322
198	-64.096771	0.000593	150.470215
198	-61.904762	0.000590	250.783707
199	-62.884037	0.000503	376.175537
199	-64.403755	0.000618	175.548584
200	-62.034676	0.000723	50.156738
200	-61.835297	0.000837	50.156738
201	-59.615322	0.000724	100.313477
201	-65.182838	0.000470	225.705322
202	-62.087822	0.000629	175.548584
202	-62.289574	0.000715	25.078369
203	-64.702583	0.000746	50.156738
203	-58.602055	0.000814	150.470215
204	-63.558197	0.000535	351.097168
204	-65.308754	0.000457	376.175537
205	-63.057091	0.000588	125.391853
205	-64.345825	0.000706	25.078369
206	-60.411320	0.000752	125.391853
206	-63.390499	0.000509	401.253906
207	-62.179512	0.000524	401.253906
207	-61.187851	0.000747	125.391853
208	-62.606789	0.000851	75.235107
208	-60.971561	0.000695	150.470215
209	-61.442524	0.000562	376.175537
209	-60.427094	0.000808	300.940430
210	-60.592194	0.000746	300.940430
210	-66.607224	0.000616	451.410645
211	-61.154308	0.000557	401.253906
211	-66.157951	0.000389	601.880859
212	-62.926956	0.000607	376.175537
212	-58.204636	0.000857	75.235107
213	-63.443424	0.000861	175.548584
213	-58.638298	0.000831	702.194336
214	-63.634888	0.000614	1028.213135
214	-64.761261	0.000488	551.724121
215	-62.836575	0.000576	351.097168
215	-61.291443	0.000895	401.253906
216	-57.434464	0.001128	225.705322
216	-57.678394	0.000902	225.705322
217	-61.869713	0.000789	200.626953
217	-58.413597	0.000832	225.705322
218	-63.600376	0.000774	250.783707
218	-63.063229	0.000597	401.253906
219	-62.701611	0.000529	401.253906
219	-61.194221	0.000767	75.235107
220	-59.218819	0.000828	125.391853
220	-63.970188	0.000789	150.470215
221	-60.142521	0.000697	125.391853
221	-63.861954	0.000475	300.940430
222	-61.559563	0.000643	351.097168
222	-60.651566	0.000837	175.548584
223	-62.342995	0.000955	75.235107
223	-57.605320	0.001088	100.313477
224	-58.839695	0.000801	125.391853
224	-61.998871	0.000568	175.548584
225	-63.090942	0.000609	175.548584
225	-66.798424	0.000561	125.391853
226	-58.784920	0.000843	125.391853
226	-56.232414	0.000977	150.470215
227	-64.008659	0.000712	225.705322
227	-61.137131	0.000693	200.626953
228	-65.936516	0.000646	200.626953
228	-62.039700	0.000568	401.253906
229	-61.219551	0.000575	426.332275
229	-64.227440	0.000576	326.018799
230	-60.524582	0.000871	225.705322
230	-53.886471	0.001646	376.175537
231	-51.767582	0.002464	652.037598
231	-46.379929	0.003879	576.802490
232	-43.271805	0.005709	476.489014
232	-42.102947	0.007004	275.862061
233	-41.771385	0.007222	150.470215
233	-40.460709	0.007007	250.783707
234	-44.176254	0.006019	300.940430
234	-47.014961	0.003755	1103.448242
235	-46.726749	0.003170	2808.777344
235	-46.002457	0.004323	3711.598633
236	-44.081623	0.005163	3561.128418
236	-44.684181	0.004074	3335.423096
237	-54.088966	0.002140	3009.404297
237	-53.398220	0.001615	1956.112793
238	-57.433586	0.001103	1404.388672
238	-61.434402	0.000770	978.056396
239	-55.721500	0.001185	576.802490
239	-58.083626	0.001322	1780.564209
240	-49.833626	0.002618	2658.307129
240	-45.185478	0.003791	2658.307129
241	-49.644066	0.002932	2783.698975
241	-52.509327	0.001868	2307.209961
242	-54.897095	0.001886	1103.448242
242	-43.073185	0.006658	275.862061
243	-36.498428	0.010538	275.862061
243	-36.870121	0.011516	476.489014
244	-36.692295	0.011755	476.489014
244	-36.310818	0.011682	401.253906
245	-36.301544	0.012761	326.018799
245	-36.798466	0.011346	401.253906
246	-36.937904	0.011276	551.724121
246	-37.100319	0.011814	727.272705
247	-37.676216	0.010649	927.899658
247	-37.226597	0.011244	927.899658
248	-37.045490	0.011504	877.742920
248	-36.444725	0.011405	652.037598
249	-36.432697	0.012620	652.037598
249	-36.662792	0.011683	702.194336
250	-36.752861	0.011659	401.253906
250	-36.615952	0.012315	401.253906
251	-36.595322	0.011150	551.724121
251	-36.472900	0.012548	551.724121
252	-36.149719	0.012832	677.115967
252	-36.674973	0.012106	576.802490
253	-36.832993	0.011957	501.567413
253	-37.166500	0.010194	601.880859
254	-37.681503	0.010426	426.332275
254	-37.536953	0.010893	401.253906
255	-36.748440	0.011325	476.489014
255	-36.511879	0.012552	601.880859
256	-37.192127	0.011445	702.194336
256	-37.522366	0.010890	501.567413
257	-38.440701	0.010177	351.097168
257	-40.065018	0.008635	326.018799
258	-41.271828	0.007446	250.783707
258	-43.180870	0.005473	250.783707
259	-49.895786	0.003068	1028.213135
259	-51.504784	0.001932	2131.661377
260	-51.775459	0.002351	2808.777344
260	-50.126190	0.002551	3084.639404
261	-49.444416	0.002538	3084.639404
261	-52.901192	0.001854	2357.366699
262	-54.962795	0.001430	1028.213135
262	-55.733734	0.001334	601.880859
263	-56.188889	0.001251	1479.623779
263	-54.456604	0.001565	2156.739746
264	-51.986294	0.001894	2181.818115
264	-54.280510	0.001572	1830.720947
265	-57.939510	0.001082	1053.291504
265	-57.459152	0.001072	677.115967
266	-48.434746	0.003572	551.724121
266	-40.589748	0.007135	551.724121
267	-40.005688	0.008101	752.351074
267	-40.641052	0.007242	927.899658
268	-42.670654	0.005760	902.821289
268	-43.136681	0.005277	677.115967
269	-44.036575	0.005311	777.429443
269	-42.607681	0.005793	752.351074
270	-40.754494	0.006929	777.429443
270	-40.721878	0.006962	952.978027
271	-40.488796	0.007792	877.742920
271	-38.464981	0.010057	802.507812
272	-36.068329	0.012758	727.272705
272	-34.777107	0.014531	601.880859
273	-35.280514	0.013662	576.802490
273	-36.588188	0.011965	476.489014
274	-37.794548	0.009768	426.332275
274	-39.269669	0.008060	401.253906
275	-42.644707	0.006483	401.253906
275	-45.620708	0.004474	376.175537
276	-47.062630	0.003267	351.097168
276	-50.563141	0.002442	376.175537
277	-54.365440	0.002205	376.175537
277	-49.038662	0.002063	476.489014
278	-51.500370	0.003020	351.097168
278	-42.043022	0.005410	225.705322
279	-39.975597	0.007663	451.410645
279	-38.812881	0.009713	551.724121
280	-36.637566	0.011530	551.724121
280	-34.944126	0.013016	551.724121
281	-34.163422	0.016011	501.567413
281	-34.367706	0.015910	501.567413
282	-36.758751	0.011868	501.567413
282	-39.346008	0.009055	351.097168
283	-42.434574	0.006831	225.705322
283	-44.739285	0.004497	677.115967
284	-50.340698	0.002898	2131.661377
284	-50.002304	0.002600	3235.109619
285	-47.070976	0.003328	3260.187988
285	-46.236557	0.003791	2984.325928
286	-48.369804	0.003421	2808.777344
286	-49.317917	0.002556	2808.777344
287	-52.527222	0.001818	2608.150391
287	-53.006405	0.001859	1905.956055
288	-54.079731	0.001736	927.899658
288	-53.665344	0.001492	601.880859
289	-57.082359	0.001836	476.489014
289	-44.321884	0.004759	175.548584
290	-42.246952	0.006601	326.018799
290	-42.122131	0.006571	401.253906
291	-41.746674	0.007228	150.470215
291	-42.299877	0.006630	100.313477
292	-41.469307	0.006493	75.235107
292	-42.284546	0.006908	125.391853
293	-42.357834	0.006188	300.940430
293	-43.501823	0.005442	326.018799
294	-43.363621	0.005621	326.018799
294	-42.987179	0.006064	275.862061
295	-43.477310	0.005934	401.253906
295	-41.963852	0.006066	727.272705
296	-41.376381	0.007166	752.351074
296	-41.002811	0.007499	677.115967
297	-40.953766	0.006883	551.724121
297	-41.109531	0.007133	376.175537
298	-40.143284	0.008718	351.097168
298	-38.872688	0.009886	401.253906
299	-37.696255	0.010368	476.489014
299	-38.259346	0.009839	451.410645
300	-40.765572	0.008368	401.253906
300	-41.820618	0.006834	326.018799
301	-42.619839	0.005848	225.705322
301	-42.881752	0.006009	250.783707
302	-42.864552	0.005348	401.253906
302	-44.165695	0.004526	376.175537
303	-44.783764	0.004657	200.626953
303	-46.110764	0.004175	125.391853
304	-50.108421	0.002771	150.470215
304	-55.385616	0.001522	300.940430
305	-59.022743	0.000929	501.567413
305	-61.388313	0.000694	476.489014
306	-60.523777	0.000948	576.802490
306	-53.563072	0.001450	702.194336
307	-48.656597	0.003417	401.253906
307	-41.204563	0.006527	426.332275
308	-40.252804	0.008331	626.959229
308	-37.560108	0.010197	551.724121
309	-37.175369	0.011566	476.489014
309	-38.590561	0.009776	451.410645
310	-41.855659	0.006671	426.332275
310	-44.446758	0.005076	275.862061
311	-47.884674	0.003728	200.626953
311	-51.447666	0.002429	952.978027
312	-48.726753	0.002844	1554.858887
312	-47.583408	0.003140	1504.702148
313	-49.711899	0.002713	1554.858887
313	-49.765087	0.002630	1680.250732
314	-49.763966	0.002257	1755.485840
314	-53.323532	0.001838	1830.720947
315	-53.593166	0.001649	1579.937256
315	-56.073570	0.001295	1354.231934
316	-57.409706	0.001170	978.056396
316	-58.290882	0.000975	702.194336
317	-59.261383	0.000917	526.645752
317	-51.459042	0.002612	250.783707
318	-42.887547	0.005645	200.626953
318	-41.024441	0.007486	275.862061
319	-40.444523	0.007797	601.880859
319	-39.997913	0.007601	727.272705
320	-40.568504	0.007663	526.645752
320	-40.955139	0.007199	727.272705
321	-40.994423	0.007348	752.351074
321	-40.766773	0.007772	476.489014
322	-41.224297	0.007480	451.410645
322	-41.275204	0.007066	401.253906
323	-40.607956	0.006833	426.332275
323	-41.258331	0.007070	401.253906
324	-43.043461	0.006880	275.862061
324	-42.486004	0.006194	300.940430
325	-43.621868	0.005742	326.018799
325	-42.896587	0.004403	351.097168
326	-49.689850	0.003628	300.940430
326	-47.307484	0.003314	225.705322
327	-49.260468	0.002906	200.626953
327	-50.990292	0.002520	351.097168
328	-53.265835	0.001825	501.567413
328	-54.912045	0.001474	401.253906
329	-57.695633	0.001057	300.940430
329	-55.707485	0.001496	175.548584
330	-54.294861	0.001648	225.705322
330	-53.626251	0.001315	225.705322
331	-56.716751	0.001080	401.253906
331	-57.423782	0.001107	476.489014
332	-58.961040	0.000971	250.783707
332	-58.750359	0.000866	250.783707
333	-59.981155	0.000930	225.705322
333	-60.614872	0.000844	225.705322
334	-59.925758	0.000695	426.332275
334	-61.706146	0.000770	551.724121
335	-58.180214	0.000816	376.175537
335	-61.408394	0.000717	326.018799
336	-59.888374	0.000714	451.410645
336	-63.217480	0.000702	426.332275
337	-60.793156	0.000768	275.862061
337	-60.914982	0.000660	225.705322
338	-66.760223	0.000398	476.489014
338	-64.284615	0.000480	451.410645
339	-64.580376	0.000544	376.175537
339	-61.167652	0.000576	326.018799
340	-61.593121	0.000718	125.391853
340	-63.057343	0.000595	225.705322
341	-69.519325	0.000377	426.332275
341	-65.095619	0.000507	326.018799
342	-62.230415	0.000609	225.705322
342	-64.814575	0.000448	376.175537
343	-66.294548	0.000306	401.253906
343	-65.611267	0.000355	426.332275
344	-62.303963	0.000485	451.410645
344	-66.192909	0.000522	401.253906
345	-63.178528	0.000511	376.175537
345	-66.274223	0.000428	326.018799
346	-66.656517	0.000434	351.097168
346	-62.817207	0.000612	250.783707
347	-62.430176	0.000620	200.626953
347	-65.790985	0.000500	300.940430
348	-64.072571	0.000559	300.940430
348	-61.713570	0.000567	300.940430
349	-67.744576	0.000457	376.175537
349	-66.237137	0.000368	451.410645
350	-64.629822	0.000386	426.332275
350	-67.153137	0.000366	626.959229
351	-65.253975	0.000463	626.959229
351	-62.663586	0.000602	300.940430
352	-65.494171	0.000368	351.097168
352	-68.442497	0.000301	501.567413
353	-63.780735	0.000498	376.175537
353	-63.045666	0.000514	250.783707
354	-63.094051	0.000572	250.783707
354	-63.777184	0.000600	351.097168
355	-64.201454	0.000462	451.410645
355	-65.462006	0.000370	426.332275
356	-63.737186	0.000620	250.783707
356	-59.387367	0.000793	175.548584
357	-64.537476	0.000504	401.253906
357	-67.997002	0.000321	426.332275
358	-65.290741	0.000501	200.626953
358	-63.177971	0.000540	225.705322
359	-67.103058	0.000424	376.175537
359	-62.038162	0.000556	250.783707
360	-63.883221	0.000662	100.313477
360	-61.603397	0.000690	175.548584
361	-61.156445	0.000773	200.626953
361	-61.251827	0.000811	125.391853
362	-61.576664	0.000793	75.235107
362	-57.726917	0.000938	50.156738
363	-62.197372	0.000712	200.626953
363	-69.621902	0.000297	551.724121
364	-69.800087	0.000325	551.724121
364	-63.117725	0.000592	275.862061
365	-60.744564	0.000774	150.470215
365	-60.354374	0.000811	100.313477
366	-62.404560	0.000635	75.235107
366	-67.430305	0.000366	275.862061
367	-67.284271	0.000332	300.940430
367	-66.844276	0.000431	175.548584
368	-64.805878	0.000430	451.410645
368	-68.735107	0.000334	626.959229
369	-67.030907	0.000316	551.724121
369	-68.917656	0.000417	426.332275
370	-59.383728	0.000748	175.548584
370	-60.658360	0.000995	75.235107
371	-54.377167	0.001417	50.156738
371	-55.364498	0.001416	50.156738
372	-61.148327	0.000884	200.626953
372	-61.875317	0.000731	200.626953
373	-60.029243	0.000722	125.391853
373	-64.488045	0.000641	150.470215
374	-63.127697	0.000584	125.391853
374	-62.833435	0.000592	351.097168
375	-64.488609	0.000471	401.253906
375	-68.745850	0.000334	326.018799
376	-66.891617	0.000355	351.097168
376	-64.794533	0.000422	300.940430
377	-65.873047	0.000395	401.253906
377	-69.432419	0.000349	601.880859
378	-66.292442	0.000364	501.567413
378	-64.198891	0.000439	426.332275
379	-69.192078	0.000364	576.802490
379	-68.150475	0.000309	501.567413
380	-66.003410	0.000425	376.175537
380	-62.800301	0.000575	200.626953
381	-63.674957	0.000519	225.705322
381	-67.549332	0.000344	626.959229
382	-66.569115	0.000404	501.567413
382	-64.302032	0.000442	275.862061
383	-64.400452	0.000515	250.783707
383	-65.181068	0.000458	401.253906
384	-66.977249	0.000460	426.332275
384	-61.304245	0.000619	200.626953
385	-65.911736	0.000500	250.783707
385	-66.399963	0.000379	200.626953
386	-60.545109	0.000594	100.313477
386	-61.771141	0.000724	125.391853
387	-62.422890	0.000586	125.391853
387	-67.410408	0.000416	451.410645
388	-64.411606	0.000474	626.959229
388	-61.713203	0.000575	351.097168
389	-58.302124	0.001159	326.018799
389	-51.625389	0.002215	175.548584
390	-47.412220	0.003605	50.156738
390	-46.213387	0.004064	100.313477
391	-50.465900	0.002741	100.313477
391	-54.559200	0.001840	125.391853
392	-55.964302	0.001354	250.783707
392	-60.382839	0.000715	652.037598
393	-59.359276	0.000955	501.567413
393	-55.094341	0.001494	50.156738
394	-57.357323	0.001084	150.470215
394	-61.389233	0.000642	275.862061
395	-63.249680	0.000606	200.626953
395	-63.863655	0.000592	50.156738
396	-59.918972	0.000793	75.235107
396	-59.939583	0.000843	100.313477
397	-61.111183	0.000701	100.313477
397	-60.171871	0.000913	200.626953
398	-50.862610	0.002064	250.783707
398	-49.198677	0.003801	200.626953
399	-44.632687	0.005025	225.705322
399	-41.432171	0.006906	225.705322
400	-39.786533	0.008871	376.175537
400	-37.384319	0.010744	727.272705
401	-36.664162	0.010957	952.978027
401	-36.921719	0.010590	902.821289
402	-36.085922	0.012320	752.351074
402	-34.873192	0.013745	677.115967
403	-35.318066	0.014319	551.724121
403	-34.989937	0.013194	526.645752
404	-35.312477	0.013309	501.567413
404	-35.243046	0.014821	677.115967
405	-34.087543	0.016017	702.194336
405	-32.774494	0.016862	601.880859
406	-33.700504	0.017245	501.567413
406	-34.638889	0.015498	501.567413
407	-34.983326	0.012834	576.802490
407	-35.343426	0.014121	451.410645
408	-34.944893	0.014972	376.175537
408	-35.337536	0.013687	476.489014
409	-36.019745	0.012319	476.489014
409	-37.061241	0.011843	300.940430
410	-38.733871	0.010562	150.470215
410	-39.497124	0.008989	175.548584
411	-39.956371	0.009118	225.705322
411	-40.397820	0.008189	200.626953
412	-43.000072	0.006342	351.097168
412	-45.330143	0.004618	1028.213135
413	-47.565575	0.003326	2106.583008
413	-49.325916	0.002584	2884.012451
414	-49.628010	0.002898	2633.228760
414	-46.363117	0.004926	1454.545410
415	-39.907883	0.007805	401.253906
415	-39.111900	0.009292	250.783707
416	-39.243729	0.008572	501.567413
416	-38.911179	0.008820	476.489014
417	-39.886452	0.008703	476.489014
417	-41.233719	0.006768	727.272705
418	-42.792866	0.005418	1178.683350
418	-45.088093	0.004822	1705.329102
419	-45.710175	0.004587	2382.445068
419	-44.535622	0.004516	2432.601807
420	-45.877533	0.003406	1429.467041
420	-53.991096	0.001895	526.645752
421	-53.023495	0.001576	376.175537
421	-57.560738	0.001346	376.175537
422	-59.590668	0.000944	652.037598
422	-53.678455	0.001750	1103.448242
423	-46.391510	0.002820	1278.996826
423	-52.049942	0.002133	1253.918457
424	-57.565578	0.001892	827.586182
424	-42.388927	0.005452	426.332275
425	-38.820061	0.008733	326.018799
425	-38.902615	0.009405	451.410645
426	-38.686710	0.008839	501.567413
426	-42.135277	0.006275	376.175537
427	-46.495808	0.003957	376.175537
427	-50.880169	0.002517	626.959229
428	-52.335106	0.001914	902.821289
428	-52.503624	0.002020	1128.526611
429	-51.777287	0.001950	1128.526611
429	-54.503944	0.001553	1153.604980
430	-56.740292	0.001161	1554.858887
430	-58.014118	0.001046	2056.426270
431	-57.429192	0.001073	2608.150391
431	-56.407719	0.001217	2031.348022
432	-57.962673	0.001344	978.056396
432	-50.143169	0.003207	501.567413
433	-39.373032	0.007672	351.097168
433	-37.113327	0.010644	401.253906
434	-36.840637	0.011882	526.645752
434	-36.665806	0.011701	601.880859
435	-36.990662	0.011619	601.880859
435	-36.840992	0.012030	677.115967
436	-37.416271	0.010841	802.507812
436	-37.284332	0.011040	852.664551
437	-36.503696	0.012561	777.429443
437	-35.649525	0.013040	677.115967
438	-35.351791	0.014039	601.880859
438	-34.228333	0.015464	626.959229
439	-34.352207	0.015247	626.959229
439	-34.710682	0.015003	626.959229
440	-36.997810	0.011530	652.037598
440	-40.212307	0.007366	802.507812
441	-40.110020	0.007701	852.664551
441	-39.806465	0.008194	902.821289
442	-39.320011	0.008302	777.429443
442	-37.447601	0.010141	727.272705
443	-37.008015	0.010939	902.821289
443	-37.177509	0.010503	777.429443
444	-37.659000	0.010144	626.959229
444	-38.252552	0.010261	626.959229
445	-38.735420	0.009728	526.645752
445	-40.059895	0.007611	401.253906
446	-40.303257	0.007759	351.097168
446	-40.027149	0.008692	376.175537
447	-39.651340	0.008021	401.253906
447	-40.050922	0.007497	476.489014
448	-39.937878	0.008091	576.802490
448	-39.741600	0.008700	601.880859
449	-39.632507	0.008038	727.272705
449	-39.760246	0.007739	601.880859
450	-39.553230	0.009224	225.705322
450	-38.585499	0.010129	125.391853
451	-38.485252	0.010340	125.391853
451	-38.548458	0.009961	175.548584
452	-39.291046	0.009611	175.548584
452	-40.185925	0.009186	100.313477
453	-42.223820	0.006737	100.313477
453	-46.322456	0.004065	175.548584
454	-54.525135	0.002144	401.253906
454	-53.768204	0.001504	777.429443
455	-52.864269	0.001837	1003.134827
455	-52.422665	0.001800	1153.604980
456	-54.404953	0.001659	1605.015625
456	-50.730259	0.002325	2006.269653
457	-47.749382	0.003110	2407.523438
457	-48.191181	0.002968	2432.601807
458	-51.390388	0.002255	2156.739746
458	-52.777515	0.001767	1830.720947
459	-56.526848	0.001220	1429.467041
459	-61.298729	0.000968	952.978027
460	-44.909328	0.005151	351.097168
460	-39.290539	0.008007	250.783707
461	-41.018604	0.006978	476.489014
461	-40.316761	0.007907	476.489014
462	-39.793907	0.008323	401.253906
462	-39.127773	0.008214	476.489014
463	-38.908298	0.008527	576.802490
463	-40.425606	0.007892	576.802490
464	-40.809681	0.007189	451.410645
464	-40.383389	0.007356	326.018799
465	-40.200134	0.008183	250.783707
465	-39.279533	0.008936	225.705322
466	-39.817410	0.008160	200.626953
466	-39.941708	0.007252	225.705322
467	-40.370636	0.007857	351.097168
467	-40.467697	0.007340	426.332275
468	-41.323914	0.005873	401.253906
468	-42.645397	0.005475	275.862061
469	-43.178688	0.005911	300.940430
469	-42.244186	0.006532	601.880859
470	-39.164997	0.008793	777.429443
470	-36.237782	0.012412	827.586182
471	-34.969608	0.013790	777.429443
471	-34.920967	0.014144	576.802490
472	-35.069801	0.014897	526.645752
472	-34.970318	0.014361	526.645752
473	-35.366039	0.013725	476.489014
473	-36.263000	0.012774	551.724121
474	-37.279572	0.011109	626.959229
474	-38.651516	0.009685	401.253906
475	-39.190556	0.008830	225.705322
475	-39.558537	0.009027	225.705322
476	-39.222878	0.009631	225.705322
476	-38.792885	0.009698	275.862061
477	-38.355545	0.010031	326.018799
477	-37.741653	0.010561	326.018799
478	-37.895081	0.010195	351.097168
478	-38.138233	0.010593	551.724121
479	-37.569710	0.010013	702.194336
479	-39.032108	0.008235	677.115967
480	-39.896561	0.007325	626.959229
480	-40.349823	0.007481	376.175537
481	-40.362324	0.007611	326.018799
481	-40.728252	0.007443	451.410645
482	-41.707619	0.006765	476.489014
482	-41.948360	0.006234	451.410645
483	-42.412525	0.006050	326.018799
483	-43.190895	0.005556	250.783707
484	-43.931435	0.005096	175.548584
484	-45.143593	0.004579	125.391853
485	-47.475140	0.003357	351.097168
485	-54.714603	0.001722	1354.231934
486	-52.488869	0.001607	2282.131592
486	-52.317043	0.001932	2357.366699
487	-53.004063	0.001874	2808.777344
487	-52.877636	0.001893	3285.266357
488	-52.060936	0.001823	3034.482666
488	-54.084286	0.001710	2884.012451
489	-53.508343	0.001625	2583.072021
489	-54.199799	0.001368	1404.388672
490	-57.835922	0.001229	601.880859
490	-56.539974	0.001298	601.880859
491	-56.897881	0.001194	401.253906
491	-53.432137	0.002226	175.548584
492	-46.088631	0.003784	200.626953
492	-45.424908	0.004403	376.175537
493	-45.794716	0.004331	426.332275
493	-46.053375	0.004180	426.332275
494	-46.811836	0.003979	551.724121
494	-47.176876	0.003500	526.645752
495	-46.422127	0.003719	526.645752
495	-46.831215	0.003919	576.802490
496	-46.434441	0.003590	576.802490
496	-48.528027	0.003167	601.880859
497	-48.370945	0.003164	451.410645
497	-48.691998	0.003237	351.097168
498	-49.508083	0.002915	351.097168
498	-49.680836	0.002832	376.175537
499	-48.199520	0.003092	351.097168
499	-50.776184	0.002809	275.862061
500	-50.649376	0.002348	250.783707
500	-50.089172	0.002534	200.626953
501	-50.757729	0.002560	150.470215
501	-51.225010	0.002417	200.626953
502	-51.364731	0.002054	275.862061
502	-53.285278	0.001709	300.940430
503	-53.982819	0.001769	275.862061
503	-56.115631	0.001501	250.783707
504	-57.098244	0.001057	351.097168
504	-58.048710	0.000929	376.175537
505	-61.112656	0.000953	351.097168
505	-57.998089	0.000919	300.940430
506	-62.422802	0.000665	476.489014
506	-61.157036	0.000710	376.175537
507	-61.696777	0.000716	376.175537
507	-58.295750	0.000691	902.821289
508	-62.944046	0.000845	1379.310303
508	-57.035770	0.001141	2608.150391
509	-53.832256	0.001702	3510.971680
509	-54.326046	0.001459	3134.796143
510	-61.091518	0.000800	2532.915283
510	-60.998531	0.000828	2231.974854
511	-54.253990	0.001770	2608.150391
511	-50.777153	0.002124	3109.717773
512	-55.215755	0.001519	2482.758545
512	-59.155102	0.000929	1905.956055
513	-61.354298	0.000590	2131.661377
513	-65.006065	0.000511	1730.407471
514	-63.359699	0.000545	626.959229
514	-62.156136	0.000651	125.391853
515	-62.634037	0.000635	150.470215
515	-63.131695	0.000596	150.470215
516	-62.155796	0.000715	125.391853
516	-60.812073	0.000712	200.626953
517	-66.348083	0.000472	250.783707
517	-67.716499	0.000341	275.862061
518	-65.435547	0.000416	275.862061
518	-63.652538	0.000564	100.313477
519	-64.204071	0.000590	75.235107
519	-65.314827	0.000451	351.097168
520	-64.541748	0.000500	376.175537
520	-62.477650	0.000696	150.470215
521	-61.505135	0.000584	100.313477
521	-67.886848	0.000396	376.175537
522	-67.999252	0.000314	451.410645
522	-65.724365	0.000365	326.018799
523	-64.344528	0.000471	326.018799
523	-65.970985	0.000398	351.097168
524	-69.855492	0.000320	401.253906
524	-65.863007	0.000362	376.175537
525	-65.372917	0.000596	476.489014
525	-60.277092	0.000655	401.253906
526	-62.686287	0.000588	225.705322
526	-61.125397	0.000580	225.705322
527	-58.820923	0.000625	275.862061
527	-66.049721	0.000642	250.783707
528	-60.818092	0.000737	200.626953
528	-59.361607	0.000715	225.705322
529	-64.597641	0.000644	200.626953
529	-59.130157	0.000777	250.783707
530	-65.754471	0.000489	451.410645
530	-67.855156	0.000394	451.410645
531	-63.137295	0.000488	501.567413
531	-66.871895	0.000431	476.489014
532	-64.165276	0.000593	300.940430
532	-62.039585	0.000590	300.940430
533	-62.002396	0.000586	175.548584
533	-60.673714	0.000891	25.078369
534	-60.042358	0.000986	25.078369
534	-60.970520	0.000694	75.235107
