0	-inf	0.000000	0.000000
1	-inf	0.000000	0.000000
2	-inf	0.000000	0.000000
3	-inf	0.000000	0.000000
4	-inf	0.000000	0.000000
5	-inf	0.000000	0.000000
6	-inf	0.000000	0.000000
7	-inf	0.000000	0.000000
8	-inf	0.000000	0.000000
9	-inf	0.000000	0.000000
10	-inf	0.000000	0.000000
11	-inf	0.000000	0.000000
12	-inf	0.000000	0.000000
13	-inf	0.000000	0.000000
14	-inf	0.000000	0.000000
15	-inf	0.000000	0.000000
16	-inf	0.000000	0.000000
17	-inf	0.000000	0.000000
18	-inf	0.000000	0.000000
19	-inf	0.000000	0.000000
20	-inf	0.000000	0.000000
21	-inf	0.000000	0.000000
22	-inf	0.000000	0.000000
23	-inf	0.000000	0.000000
24	-inf	0.000000	0.000000
25	-inf	0.000000	0.000000
26	-inf	0.000000	0.000000
27	-inf	0.000000	0.000000
28	-inf	0.000000	0.000000
29	-inf	0.000000	0.000000
30	-inf	0.000000	0.000000
31	-inf	0.000000	0.000000
32	-inf	0.000000	0.000000
33	-inf	0.000000	0.000000
34	-inf	0.000000	0.000000
35	-inf	0.000000	0.000000
36	-inf	0.000000	0.000000
37	-inf	0.000000	0.000000
38	-inf	0.000000	0.000000
39	-60.420929	0.000556	1554.858887
40	-52.187363	0.002050	3034.482666
41	-48.741756	0.003091	3285.266357
42	-53.196045	0.001734	3009.404297
43	-48.811493	0.002884	3410.658203
44	-49.687263	0.002319	2959.247559
45	-55.646076	0.001309	1329.153564
46	-37.281586	0.011060	451.410645
47	-36.736168	0.011506	827.586182
48	-36.495117	0.011861	802.507812
49	-35.909321	0.012959	576.802490
50	-38.092640	0.009759	752.351074
51	-37.429485	0.010675	526.645752
52	-36.884308	0.011858	526.645752
53	-35.951298	0.013524	677.115967
54	-35.443905	0.014320	652.037598
55	-37.046421	0.011956	551.724121
56	-37.651260	0.010795	501.567413
57	-38.724350	0.009849	351.097168
58	-39.269070	0.009366	300.940430
59	-41.854008	0.006793	175.548584
60	-43.052723	0.005950	351.097168
61	-49.198753	0.002662	2457.680176
62	-47.506416	0.003372	3360.501465
63	-45.191700	0.004422	3235.109619
64	-46.132561	0.003947	3235.109619
65	-46.590557	0.003740	3485.893311
66	-46.468658	0.003895	3159.874512
67	-46.003506	0.003964	3335.423096
68	-48.790649	0.002780	3310.344727
69	-49.253181	0.002757	3360.501465
70	-47.989353	0.003088	3034.482666
71	-48.124672	0.003201	2758.620605
72	-48.380566	0.002925	3009.404297
73	-55.748737	0.001243	1253.918457
74	-54.722408	0.001492	300.940430
75	-56.673027	0.001265	225.705322
76	-61.660904	0.000711	100.313477
77	-55.807812	0.001321	652.037598
78	-52.588985	0.001849	451.410645
79	-53.374344	0.001652	652.037598
80	-45.071049	0.004734	401.253906
81	-41.192638	0.007436	225.705322
82	-39.434769	0.009535	175.548584
83	-46.505188	0.003775	1454.545410
84	-44.919373	0.004330	2758.620605
85	-43.127846	0.005470	2858.934082
86	-50.325340	0.002043	1203.761719
87	-56.847187	0.001163	652.037598
88	-46.816166	0.002799	626.959229
89	-46.352619	0.003741	1605.015625
90	-38.294708	0.009232	451.410645
91	-35.528999	0.013170	852.664551
92	-37.192577	0.011024	927.899658
93	-39.129936	0.008723	727.272705
94	-38.431477	0.009702	777.429443
95	-38.592369	0.009429	626.959229
96	-37.689655	0.010362	652.037598
97	-37.281914	0.011058	326.018799
98	-37.100647	0.011492	401.253906
99	-37.477486	0.011220	376.175537
100	-38.082722	0.010345	476.489014
101	-39.307190	0.008447	626.959229
102	-38.702267	0.009295	752.351074
103	-37.224113	0.011254	877.742920
104	-37.414551	0.010830	752.351074
105	-38.799610	0.009882	326.018799
106	-35.915710	0.013040	852.664551
107	-36.084461	0.012688	1003.134827
108	-35.552807	0.013430	1128.526611
109	-36.372520	0.012026	1003.134827
110	-38.104076	0.009653	852.664551
111	-39.933701	0.008026	476.489014
112	-41.527611	0.006721	426.332275
113	-41.059887	0.007362	326.018799
114	-41.086433	0.007336	250.783707
115	-41.711510	0.006643	275.862061
116	-41.039433	0.007236	451.410645
117	-41.244999	0.007058	426.332275
118	-40.288193	0.008026	426.332275
119	-40.234852	0.008536	376.175537
120	-40.886631	0.007660	476.489014
121	-39.789307	0.008814	426.332275
122	-39.096951	0.009415	250.783707
123	-39.977066	0.007899	426.332275
124	-38.446022	0.009348	601.880859
125	-38.716469	0.009118	476.489014
126	-38.552162	0.008974	1078.369873
127	-39.646790	0.008462	401.253906
128	-40.461193	0.007638	225.705322
129	-43.729965	0.005290	852.664551
130	-45.633209	0.004249	2332.288330
131	-44.835827	0.004710	2056.426270
132	-40.497906	0.007560	526.645752
133	-37.901386	0.009937	476.489014
134	-41.208553	0.006479	802.507812
135	-41.390972	0.007156	351.097168
136	-38.848125	0.009715	175.548584
137	-40.944557	0.007660	200.626953
138	-49.777905	0.002441	827.586182
139	-56.641369	0.001163	1379.310303
140	-55.701508	0.001295	2006.269653
141	-55.455250	0.001327	2307.209961
142	-51.863148	0.002035	1981.191162
143	-56.015083	0.001252	902.821289
144	-40.739632	0.006850	326.018799
145	-38.717964	0.009413	476.489014
146	-39.516541	0.008366	551.724121
147	-39.651203	0.008237	351.097168
148	-39.961082	0.007958	125.391853
149	-40.396477	0.007587	451.410645
150	-39.292820	0.009001	576.802490
151	-39.761227	0.008306	526.645752
152	-39.606308	0.008758	451.410645
153	-38.537838	0.010002	501.567413
154	-38.555622	0.009788	601.880859
155	-38.081963	0.010711	200.626953
156	-36.818924	0.012135	225.705322
157	-37.424660	0.010973	275.862061
158	-36.521854	0.011888	275.862061
159	-38.458481	0.009112	476.489014
160	-39.361568	0.007901	401.253906
161	-40.690414	0.007392	275.862061
162	-41.375652	0.007421	200.626953
163	-46.462196	0.003966	225.705322
164	-54.110767	0.001655	576.802490
165	-56.773407	0.001134	1003.134827
166	-53.728577	0.001723	626.959229
167	-57.294102	0.001105	827.586182
168	-59.736702	0.000815	902.821289
169	-59.162743	0.000894	727.272705
170	-60.698154	0.000742	476.489014
171	-59.332836	0.000883	225.705322
172	-60.755821	0.000733	225.705322
173	-61.064980	0.000747	150.470215
174	-66.637421	0.000356	501.567413
175	-inf	0.000000	0.000000
176	-inf	0.000000	0.000000
177	-inf	0.000000	0.000000
178	-inf	0.000000	0.000000
179	-inf	0.000000	0.000000
180	-inf	0.000000	0.000000
181	-inf	0.000000	0.000000
182	-inf	0.000000	0.000000
183	-inf	0.000000	0.000000
184	-inf	0.000000	0.000000
185	-inf	0.000000	0.000000
186	-inf	0.000000	0.000000
187	-inf	0.000000	0.000000
188	-inf	0.000000	0.000000
189	-inf	0.000000	0.000000
190	-inf	0.000000	0.000000
191	-inf	0.000000	0.000000
192	-inf	0.000000	0.000000
193	-inf	0.000000	0.000000
194	-inf	0.000000	0.000000
195	-inf	0.000000	0.000000
196	-inf	0.000000	0.000000
197	-inf	0.000000	0.000000
198	-inf	0.000000	0.000000
199	-inf	0.000000	0.000000
200	-inf	0.000000	0.000000
201	-inf	0.000000	0.000000
202	-inf	0.000000	0.000000
203	-inf	0.000000	0.000000
204	-inf	0.000000	0.000000
205	-inf	0.000000	0.000000
206	-inf	0.000000	0.000000
207	-inf	0.000000	0.000000
208	-inf	0.000000	0.000000
209	-inf	0.000000	0.000000
210	-inf	0.000000	0.000000
211	-inf	0.000000	0.000000
212	-inf	0.000000	0.000000
213	-inf	0.000000	0.000000
214	-inf	0.000000	0.000000
215	-inf	0.000000	0.000000
216	-inf	0.000000	0.000000
217	-inf	0.000000	0.000000
218	-inf	0.000000	0.000000
219	-inf	0.000000	0.000000
220	-inf	0.000000	0.000000
221	-inf	0.000000	0.000000
222	-60.957500	0.000555	25.078369
223	-60.272884	0.000801	125.391853
224	-62.589222	0.000609	175.548584
225	-59.180634	0.000843	125.391853
226	-61.058765	0.000712	225.705322
227	-62.190403	0.000646	200.626953
228	-63.145782	0.000575	426.332275
229	-59.416485	0.000871	225.705322
230	-50.256390	0.002464	652.037598
231	-43.327610	0.005709	476.489014
232	-41.788723	0.007222	150.470215
233	-42.639931	0.006019	300.940430
234	-47.817513	0.003170	2808.777344
235	-43.921101	0.005163	3561.128418
236	-50.648518	0.002140	3009.404297
237	-56.427116	0.001103	1404.388672
238	-56.824512	0.001185	576.802490
239	-48.565189	0.002618	2658.307129
240	-48.456333	0.002932	2783.698975
241	-52.350826	0.001886	1103.448242
242	-37.520634	0.010538	275.862061
243	-36.548016	0.011755	476.489014
244	-36.085033	0.012761	326.018799
245	-37.209553	0.011276	551.724121
246	-37.371464	0.010649	927.899658
247	-37.003433	0.011504	877.742920
248	-36.113148	0.012620	652.037598
249	-36.626736	0.011659	401.253906
250	-37.140263	0.011150	551.724121
251	-36.158760	0.012832	677.115967
252	-36.553059	0.011957	501.567413
253	-37.604359	0.010426	426.332275
254	-37.035217	0.011325	476.489014
255	-37.077480	0.011445	702.194336
256	-38.370533	0.010177	351.097168
257	-41.201538	0.007446	250.783707
258	-47.549755	0.003068	1028.213135
259	-50.597061	0.002351	2808.777344
260	-50.071846	0.002538	3084.639404
261	-55.023262	0.001430	1028.213135
262	-56.038307	0.001251	1479.623779
263	-52.536362	0.001894	2181.818115
264	-57.502228	0.001082	1053.291504
265	-45.725769	0.003572	551.724121
266	-40.232239	0.008101	752.351074
267	-42.337791	0.005760	902.821289
268	-43.259335	0.005311	777.429443
269	-40.870853	0.006929	777.429443
270	-40.169617	0.007792	877.742920
271	-36.012817	0.012758	727.272705
272	-35.506172	0.013662	576.802490
273	-37.841862	0.009768	426.332275
274	-41.635120	0.006483	401.253906
275	-47.734634	0.003267	351.097168
276	-50.612480	0.002205	376.175537
277	-47.861897	0.003020	351.097168
278	-40.271820	0.007663	451.410645
279	-36.610977	0.011530	551.724121
280	-34.018806	0.016011	501.567413
281	-36.987942	0.011868	501.567413
282	-41.714130	0.006831	225.705322
283	-48.505035	0.002898	2131.661377
284	-47.223934	0.003328	3260.187988
285	-47.524750	0.003421	2808.777344
286	-52.629208	0.001818	2608.150391
287	-53.545635	0.001736	927.899658
288	-52.511597	0.001836	476.489014
289	-42.426567	0.006601	326.018799
290	-41.531284	0.007228	150.470215
291	-42.204796	0.006493	75.235107
292	-42.486191	0.006188	300.940430
293	-43.493458	0.005621	326.018799
294	-42.940617	0.005934	401.253906
295	-41.111526	0.007166	752.351074
296	-41.282642	0.006883	551.724121
297	-39.760803	0.008718	351.097168
298	-38.086536	0.010368	476.489014
299	-40.028549	0.008368	401.253906
300	-43.054825	0.005848	225.705322
301	-43.031368	0.005348	401.253906
302	-44.731640	0.004657	200.626953
303	-49.432476	0.002771	150.470215
304	-58.716431	0.000929	501.567413
305	-57.779968	0.000948	576.802490
306	-46.602444	0.003417	401.253906
307	-39.614056	0.008331	626.959229
308	-37.177731	0.011566	476.489014
309	-41.767738	0.006671	426.332275
310	-46.903683	0.003728	200.626953
311	-48.890289	0.002844	1554.858887
312	-49.328922	0.002713	1554.858887
313	-50.544449	0.002257	1755.485840
314	-53.659203	0.001649	1579.937256
315	-56.737408	0.001170	978.056396
316	-58.393528	0.000917	526.645752
317	-43.346043	0.005645	200.626953
318	-40.277813	0.007797	601.880859
319	-40.355789	0.007663	526.645752
320	-41.054855	0.007348	752.351074
321	-40.858376	0.007480	451.410645
322	-41.634869	0.006833	426.332275
323	-41.348881	0.006880	275.862061
324	-43.349220	0.005742	326.018799
325	-47.019798	0.003628	300.940430
326	-49.444847	0.002906	200.626953
327	-53.112984	0.001825	501.567413
328	-57.522263	0.001057	300.940430
329	-53.564194	0.001648	225.705322
330	-57.438480	0.001080	401.253906
331	-58.660202	0.000971	250.783707
332	-59.047714	0.000930	225.705322
333	-61.364403	0.000695	426.332275
334	-59.760441	0.000816	376.175537
335	-61.239441	0.000714	451.410645
336	-60.650826	0.000768	275.862061
337	-68.786499	0.000216	150.470215
338	-inf	0.000000	0.000000
339	-inf	0.000000	0.000000
340	-inf	0.000000	0.000000
341	-inf	0.000000	0.000000
342	-inf	0.000000	0.000000
343	-inf	0.000000	0.000000
344	-inf	0.000000	0.000000
345	-inf	0.000000	0.000000
346	-inf	0.000000	0.000000
347	-inf	0.000000	0.000000
348	-inf	0.000000	0.000000
349	-inf	0.000000	0.000000
350	-inf	0.000000	0.000000
351	-inf	0.000000	0.000000
352	-inf	0.000000	0.000000
353	-inf	0.000000	0.000000
354	-inf	0.000000	0.000000
355	-inf	0.000000	0.000000
356	-inf	0.000000	0.000000
357	-inf	0.000000	0.000000
358	-inf	0.000000	0.000000
359	-inf	0.000000	0.000000
360	-inf	0.000000	0.000000
361	-inf	0.000000	0.000000
362	-inf	0.000000	0.000000
363	-inf	0.000000	0.000000
364	-inf	0.000000	0.000000
365	-inf	0.000000	0.000000
366	-inf	0.000000	0.000000
367	-inf	0.000000	0.000000
368	-inf	0.000000	0.000000
369	-inf	0.000000	0.000000
370	-inf	0.000000	0.000000
371	-inf	0.000000	0.000000
372	-inf	0.000000	0.000000
373	-inf	0.000000	0.000000
374	-inf	0.000000	0.000000
375	-inf	0.000000	0.000000
376	-inf	0.000000	0.000000
377	-inf	0.000000	0.000000
378	-inf	0.000000	0.000000
379	-inf	0.000000	0.000000
380	-inf	0.000000	0.000000
381	-inf	0.000000	0.000000
382	-inf	0.000000	0.000000
383	-inf	0.000000	0.000000
384	-inf	0.000000	0.000000
385	-inf	0.000000	0.000000
386	-inf	0.000000	0.000000
387	-inf	0.000000	0.000000
388	-55.331135	0.000923	175.548584
389	-47.431267	0.003605	50.156738
390	-49.992661	0.002741	100.313477
391	-56.240784	0.001354	250.783707
392	-58.166546	0.000955	501.567413
393	-57.918827	0.001084	150.470215
394	-62.951862	0.000606	200.626953
395	-60.625294	0.000793	75.235107
396	-61.424782	0.000701	100.313477
397	-51.532684	0.002064	250.783707
398	-44.649029	0.005025	225.705322
399	-39.509899	0.008871	376.175537
400	-36.835949	0.010957	952.978027
401	-35.959793	0.012320	752.351074
402	-34.718567	0.014319	551.724121
403	-35.664257	0.013309	501.567413
404	-33.875217	0.016017	702.194336
405	-33.358486	0.017245	501.567413
406	-35.556728	0.012834	576.802490
407	-34.757370	0.014972	376.175537
408	-36.537163	0.012319	476.489014
409	-38.070919	0.010562	150.470215
410	-39.881985	0.009118	225.705322
411	-42.730457	0.006342	351.097168
412	-47.743439	0.003326	2106.583008
413	-48.739586	0.002898	2633.228760
414	-40.496029	0.007805	401.253906
415	-39.486771	0.008572	501.567413
416	-39.379658	0.008703	476.489014
417	-42.974281	0.005418	1178.683350
418	-44.904240	0.004587	2382.445068
419	-46.729397	0.003406	1429.467041
420	-54.340794	0.001576	376.175537
421	-58.711437	0.000944	652.037598
422	-48.180538	0.002820	1278.996826
423	-50.793423	0.001892	827.586182
424	-39.346050	0.008733	326.018799
425	-39.021049	0.008839	501.567413
426	-46.114120	0.003957	376.175537
427	-52.624249	0.001914	902.821289
428	-52.288372	0.001950	1128.526611
429	-56.788929	0.001161	1554.858887
430	-57.384563	0.001073	2608.150391
431	-55.100159	0.001344	978.056396
432	-39.540241	0.007672	351.097168
433	-36.707161	0.011882	526.645752
434	-37.074871	0.011619	601.880859
435	-37.469795	0.010841	802.507812
436	-36.196758	0.012561	777.429443
437	-34.963066	0.014039	601.880859
438	-34.738888	0.015247	626.959229
439	-36.577347	0.011530	652.037598
440	-39.874390	0.007701	852.664551
441	-39.429531	0.008302	777.429443
442	-36.830677	0.010939	902.821289
443	-38.046906	0.010144	626.959229
444	-38.458584	0.009728	526.645752
445	-40.311420	0.007759	351.097168
446	-39.939495	0.008021	401.253906
447	-39.814419	0.008091	576.802490
448	-39.782761	0.008038	727.272705
449	-39.014629	0.009224	225.705322
450	-38.625233	0.010340	125.391853
451	-39.287777	0.009611	175.548584
452	-41.984859	0.006737	100.313477
453	-51.169693	0.002144	401.253906
454	-52.991798	0.001837	1003.134827
455	-53.694599	0.001659	1605.015625
456	-47.915649	0.003110	2407.523438
457	-50.883427	0.002255	2156.739746
458	-55.797337	0.001220	1429.467041
459	-42.239418	0.005151	351.097168
460	-41.084507	0.006978	476.489014
461	-39.688499	0.008323	401.253906
462	-39.186188	0.008527	576.802490
463	-40.982441	0.007189	451.410645
464	-40.039356	0.008183	250.783707
465	-39.581318	0.008160	200.626953
466	-39.857498	0.007857	351.097168
467	-42.062618	0.005873	401.253906
468	-42.507694	0.005911	300.940430
469	-38.881123	0.008793	777.429443
470	-35.280762	0.013790	777.429443
471	-34.740829	0.014897	526.645752
472	-35.640884	0.013725	476.489014
473	-37.101048	0.011109	626.959229
474	-39.446342	0.008830	225.705322
475	-38.877419	0.009631	225.705322
476	-38.548283	0.010031	326.018799
477	-38.093910	0.010195	351.097168
478	-37.725998	0.010013	702.194336
479	-40.147999	0.007325	626.959229
480	-40.341648	0.007611	326.018799
481	-41.379517	0.006765	476.489014
482	-42.413445	0.006050	326.018799
483	-44.207611	0.005096	175.548584
484	-46.924038	0.003357	351.097168
485	-53.647861	0.001607	2282.131592
486	-52.396782	0.001874	2808.777344
487	-52.814758	0.001823	3034.482666
488	-53.800648	0.001625	2583.072021
489	-56.414684	0.001229	601.880859
490	-56.668514	0.001194	401.253906
491	-46.305828	0.003784	200.626953
492	-45.885380	0.004331	426.332275
493	-46.244724	0.003979	551.724121
494	-46.668190	0.003719	526.645752
495	-46.826778	0.003590	576.802490
496	-48.057499	0.003164	451.410645
497	-49.245319	0.002915	351.097168
498	-48.433525	0.003092	351.097168
499	-50.577454	0.002348	250.783707
500	-50.374050	0.002560	150.470215
501	-51.878277	0.002054	275.862061
502	-53.370907	0.001769	275.862061
503	-58.061550	0.001057	351.097168
504	-58.695290	0.000953	351.097168
505	-61.445679	0.000665	476.489014
506	-60.955296	0.000716	376.175537
507	-59.543255	0.000845	1379.310303
508	-54.006771	0.001702	3510.971680
509	-59.540752	0.000800	2532.915283
510	-52.940269	0.001770	2608.150391
511	-54.840332	0.001519	2482.758545
512	-62.532532	0.000590	2131.661377
513	-63.099812	0.000545	626.959229
514	-62.517387	0.000635	150.470215
515	-61.779114	0.000715	125.391853
516	-64.749969	0.000472	250.783707
517	-inf	0.000000	0.000000
518	-inf	0.000000	0.000000
519	-inf	0.000000	0.000000
520	-inf	0.000000	0.000000
521	-inf	0.000000	0.000000
522	-inf	0.000000	0.000000
523	-inf	0.000000	0.000000
524	-inf	0.000000	0.000000
525	-inf	0.000000	0.000000
526	-inf	0.000000	0.000000
527	-inf	0.000000	0.000000
528	-inf	0.000000	0.000000
529	-inf	0.000000	0.000000
530	-inf	0.000000	0.000000
531	-inf	0.000000	0.000000
532	-inf	0.000000	0.000000
533	-inf	0.000000	0.000000
