No hay ningun error! La señal tiene 1 canal, 16 bits por muestra y una frecuencia de 16000.000000 bits
0	-81.030403	0.000000	0.000000
1	-81.030403	0.000000	0.000000
1	-81.030403	0.000000	0.000000
2	-81.030403	0.000000	0.000000
2	-81.030403	0.000000	0.000000
3	-81.030403	0.000000	0.000000
3	-81.030403	0.000000	0.000000
4	-81.030403	0.000000	0.000000
4	-81.030403	0.000000	0.000000
5	-81.030403	0.000000	0.000000
5	-81.030403	0.000000	0.000000
6	-81.030403	0.000000	0.000000
6	-81.030403	0.000000	0.000000
7	-81.030403	0.000000	0.000000
7	-81.030403	0.000000	0.000000
8	-81.030403	0.000000	0.000000
8	-81.030403	0.000000	0.000000
9	-81.030403	0.000000	0.000000
9	-81.030403	0.000000	0.000000
10	-81.030403	0.000000	0.000000
10	-81.030403	0.000000	0.000000
11	-81.030403	0.000000	0.000000
11	-81.030403	0.000000	0.000000
12	-81.030403	0.000000	0.000000
12	-81.030403	0.000000	0.000000
13	-81.030403	0.000000	0.000000
13	-81.030403	0.000000	0.000000
14	-81.030403	0.000000	0.000000
14	-81.030403	0.000000	0.000000
15	-81.030403	0.000000	0.000000
15	-81.030403	0.000000	0.000000
16	-81.030403	0.000000	0.000000
16	-81.030403	0.000000	0.000000
17	-81.030403	0.000000	0.000000
17	-81.030403	0.000000	0.000000
18	-81.030403	0.000000	0.000000
18	-81.030403	0.000000	0.000000
19	-81.030403	0.000000	0.000000
19	-81.030403	0.000000	0.000000
20	-81.030403	0.000000	0.000000
20	-81.030403	0.000000	0.000000
21	-81.030403	0.000000	0.000000
21	-81.030403	0.000000	0.000000
22	-81.030403	0.000000	0.000000
22	-81.030403	0.000000	0.000000
23	-81.030403	0.000000	0.000000
23	-81.030403	0.000000	0.000000
24	-81.030403	0.000000	0.000000
24	-81.030403	0.000000	0.000000
25	-81.030403	0.000000	0.000000
25	-81.030403	0.000000	0.000000
26	-81.030403	0.000000	0.000000
26	-81.030403	0.000000	0.000000
27	-81.030403	0.000000	0.000000
27	-81.030403	0.000000	0.000000
28	-81.030403	0.000000	0.000000
28	-81.030403	0.000000	0.000000
29	-81.030403	0.000000	0.000000
29	-81.030403	0.000000	0.000000
30	-81.030403	0.000000	0.000000
30	-81.030403	0.000000	0.000000
31	-81.030403	0.000000	0.000000
31	-81.030403	0.000000	0.000000
32	-81.030403	0.000000	0.000000
32	-81.030403	0.000000	0.000000
33	-81.030403	0.000000	0.000000
33	-81.030403	0.000000	0.000000
34	-81.030403	0.000000	0.000000
34	-81.030403	0.000000	0.000000
35	-81.030403	0.000000	0.000000
35	-81.030403	0.000000	0.000000
36	-81.030403	0.000000	0.000000
36	-81.030403	0.000000	0.000000
37	-81.030403	0.000000	0.000000
37	-81.030403	0.000000	0.000000
38	-81.030403	0.000000	0.000000
38	-81.030403	0.000000	0.000000
39	-81.030403	0.000000	0.000000
39	-81.030403	0.000000	0.000000
40	-81.030403	0.000000	0.000000
40	-58.522850	0.001074	1404.388672
41	-47.831776	0.002980	3034.482666
41	-48.659679	0.003091	3285.266357
42	-54.052044	0.002017	3159.874512
42	-54.168350	0.001734	3009.404297
43	-49.036877	0.002381	3109.717773
43	-50.405212	0.002884	3410.658203
44	-46.218742	0.003101	3435.736572
44	-52.867886	0.002319	2959.247559
45	-57.673714	0.001178	2382.445068
45	-55.876522	0.001309	1329.153564
46	-44.765633	0.005253	426.332275
46	-37.069748	0.011060	451.410645
47	-35.880062	0.012514	727.272705
47	-36.678196	0.011506	827.586182
48	-37.003979	0.011520	852.664551
48	-36.594471	0.011861	802.507812
49	-36.110790	0.012106	702.194336
49	-35.778744	0.012959	576.802490
50	-36.933918	0.011295	601.880859
50	-37.983295	0.009759	752.351074
51	-37.801086	0.010052	752.351074
51	-37.559811	0.010675	526.645752
52	-36.932045	0.012289	426.332275
52	-36.627045	0.011858	526.645752
53	-36.904781	0.012146	601.880859
53	-36.181839	0.013524	677.115967
54	-35.239143	0.014029	702.194336
54	-35.211544	0.014320	652.037598
55	-36.887897	0.012526	652.037598
55	-36.881916	0.011956	551.724121
56	-36.947014	0.012365	526.645752
56	-37.415398	0.010795	501.567413
57	-38.438942	0.010500	376.175537
57	-38.710243	0.009849	351.097168
58	-39.379795	0.009019	326.018799
58	-39.046635	0.009366	300.940430
59	-40.450779	0.008291	250.783707
59	-41.510590	0.006793	175.548584
60	-42.084053	0.006630	125.391853
60	-44.103012	0.005950	351.097168
61	-45.197903	0.004033	1304.075195
61	-49.774296	0.002662	2457.680176
62	-50.208862	0.002556	3009.404297
62	-47.101727	0.003372	3360.501465
63	-44.200535	0.004520	3310.344727
63	-45.783672	0.004422	3235.109619
64	-46.798771	0.003559	3335.423096
64	-45.972301	0.003947	3235.109619
65	-46.206715	0.004325	3235.109619
65	-47.021793	0.003740	3485.893311
66	-46.740845	0.003457	3410.658203
66	-46.574844	0.003895	3159.874512
67	-46.684128	0.003820	3385.579834
67	-46.102638	0.003964	3335.423096
68	-45.885368	0.003663	3210.031250
68	-48.853367	0.002780	3310.344727
69	-49.442959	0.002622	3410.658203
69	-49.752045	0.002757	3360.501465
70	-48.840427	0.003362	2984.325928
70	-46.512871	0.003088	3034.482666
71	-48.679016	0.003128	2959.247559
71	-47.724510	0.003201	2758.620605
72	-52.267815	0.002001	2909.090820
72	-47.812920	0.002925	3009.404297
73	-50.142242	0.002578	2432.601807
73	-58.849079	0.001243	1253.918457
74	-51.942383	0.001683	451.410645
74	-56.049797	0.001492	300.940430
75	-56.022915	0.001145	300.940430
75	-56.694305	0.001265	225.705322
76	-59.497593	0.001116	175.548584
76	-61.688053	0.000711	100.313477
77	-58.062733	0.001017	225.705322
77	-55.782425	0.001321	652.037598
78	-55.455143	0.001332	652.037598
78	-53.863094	0.001849	451.410645
79	-52.877399	0.001807	376.175537
79	-52.992680	0.001652	652.037598
80	-49.674072	0.002996	576.802490
80	-44.953979	0.004734	401.253906
81	-42.254959	0.006276	451.410645
81	-41.799961	0.007436	225.705322
82	-40.217892	0.008221	175.548584
82	-39.538490	0.009535	175.548584
83	-40.515591	0.007514	376.175537
83	-47.312759	0.003775	1454.545410
84	-47.608341	0.003405	2633.228760
84	-44.853470	0.004330	2758.620605
85	-42.766102	0.005650	2658.307129
85	-42.623325	0.005470	2858.934082
86	-45.331676	0.003769	2231.974854
86	-55.007061	0.002043	1203.761719
87	-55.929401	0.001069	877.742920
87	-58.555321	0.001163	652.037598
88	-58.592007	0.001076	426.332275
88	-50.549839	0.002799	626.959229
89	-42.663136	0.004387	1379.310303
89	-46.310764	0.003741	1605.015625
90	-49.615463	0.004178	902.821289
90	-38.914406	0.009232	451.410645
91	-35.257381	0.012738	601.880859
91	-35.359547	0.013170	852.664551
92	-36.169579	0.012445	902.821289
92	-37.178139	0.011024	927.899658
93	-38.644535	0.009600	902.821289
93	-39.064453	0.008723	727.272705
94	-38.709194	0.009504	677.115967
94	-38.533222	0.009702	777.429443
95	-38.249481	0.010314	702.194336
95	-38.420151	0.009429	626.959229
96	-38.276112	0.009819	652.037598
96	-37.377441	0.010362	652.037598
97	-37.080769	0.011109	476.489014
97	-37.371243	0.011058	326.018799
98	-37.252708	0.011185	351.097168
98	-37.062847	0.011492	401.253906
99	-37.281731	0.011150	451.410645
99	-37.644096	0.011220	376.175537
100	-37.865036	0.010704	351.097168
100	-38.103607	0.010345	476.489014
101	-39.062931	0.008861	601.880859
101	-39.531536	0.008447	626.959229
102	-39.232029	0.008013	827.586182
102	-38.652721	0.009295	752.351074
103	-37.898365	0.010791	752.351074
103	-37.129784	0.011254	877.742920
104	-36.387814	0.012419	902.821289
104	-37.411671	0.010830	752.351074
105	-40.081413	0.008886	351.097168
105	-39.416744	0.009882	326.018799
106	-37.322868	0.011103	727.272705
106	-35.969166	0.013040	852.664551
107	-35.528450	0.014140	852.664551
107	-35.389503	0.012688	1003.134827
108	-35.894299	0.013031	1003.134827
108	-35.996853	0.013430	1128.526611
109	-36.109390	0.011969	1203.761719
109	-36.317966	0.012026	1003.134827
110	-37.065430	0.011569	978.056396
110	-37.746368	0.009653	852.664551
111	-38.830151	0.008637	601.880859
111	-40.748295	0.008026	476.489014
112	-40.960106	0.007038	351.097168
112	-40.954197	0.006721	426.332275
113	-41.218964	0.007537	401.253906
113	-41.281944	0.007362	326.018799
114	-41.100666	0.006680	275.862061
114	-41.203190	0.007336	250.783707
115	-41.559311	0.007407	225.705322
115	-41.595871	0.006643	275.862061
116	-40.969318	0.007067	351.097168
116	-41.675217	0.007236	451.410645
117	-41.674553	0.006422	501.567413
117	-40.806751	0.007058	426.332275
118	-40.352570	0.008451	351.097168
118	-40.281433	0.008026	426.332275
119	-40.563332	0.007804	451.410645
119	-40.504898	0.008536	376.175537
120	-40.545273	0.008012	476.489014
120	-40.579720	0.007660	476.489014
121	-40.052975	0.008753	351.097168
121	-40.179779	0.008814	426.332275
122	-39.783878	0.008390	376.175537
122	-39.401886	0.009415	250.783707
123	-39.312023	0.009178	225.705322
123	-39.474335	0.007899	426.332275
124	-39.203430	0.008478	576.802490
124	-38.707230	0.009348	601.880859
125	-38.506191	0.008719	626.959229
125	-38.524025	0.009118	476.489014
126	-38.333153	0.010260	576.802490
126	-38.381489	0.008974	1078.369873
127	-39.239586	0.008225	902.821289
127	-39.236664	0.008462	401.253906
128	-39.846260	0.008227	275.862061
128	-40.916702	0.007638	225.705322
129	-41.909534	0.006272	526.645752
129	-43.721565	0.005290	852.664551
130	-45.771709	0.004464	1479.623779
130	-46.455650	0.004249	2332.288330
131	-45.432446	0.004264	2357.366699
131	-44.600349	0.004710	2056.426270
132	-43.869396	0.005670	1404.388672
132	-41.077972	0.007560	526.645752
133	-37.702015	0.009538	401.253906
133	-38.337715	0.009937	476.489014
134	-38.631039	0.008568	727.272705
134	-41.245598	0.006479	802.507812
135	-42.632187	0.006046	601.880859
135	-41.356110	0.007156	351.097168
136	-39.599319	0.009161	100.313477
136	-38.859974	0.009715	175.548584
137	-39.053459	0.008799	250.783707
137	-40.835964	0.007660	200.626953
138	-44.630783	0.005018	326.018799
138	-52.468166	0.002441	827.586182
139	-54.379501	0.001398	1128.526611
139	-57.668465	0.001163	1379.310303
140	-55.716984	0.001302	1905.956055
140	-55.813656	0.001295	2006.269653
141	-55.428791	0.001306	2006.269653
141	-55.037910	0.001327	2307.209961
142	-53.778610	0.001614	2507.836914
142	-52.942188	0.002035	1981.191162
143	-52.119034	0.001667	1278.996826
143	-56.826462	0.001252	902.821289
144	-52.814022	0.002409	501.567413
144	-40.412643	0.006850	326.018799
145	-38.388268	0.009941	401.253906
145	-38.662025	0.009413	476.489014
146	-38.681110	0.009664	501.567413
146	-39.562038	0.008366	551.724121
147	-40.694519	0.007019	451.410645
147	-39.926056	0.008237	351.097168
148	-39.529922	0.008120	250.783707
148	-39.467480	0.007958	125.391853
149	-39.543671	0.008578	275.862061
149	-40.720016	0.007587	451.410645
150	-40.524338	0.007500	451.410645
150	-39.497715	0.009001	576.802490
151	-39.372879	0.008615	652.037598
151	-39.724976	0.008306	526.645752
152	-39.492325	0.009178	451.410645
152	-39.418285	0.008758	451.410645
153	-39.136780	0.009360	401.253906
153	-38.598148	0.010002	501.567413
154	-38.413593	0.009800	652.037598
154	-38.669945	0.009788	601.880859
155	-38.354038	0.010205	376.175537
155	-37.829361	0.010711	200.626953
156	-37.586487	0.011518	150.470215
156	-36.907131	0.012135	225.705322
157	-37.294483	0.011054	275.862061
157	-37.291092	0.010973	275.862061
158	-36.689232	0.011864	275.862061
158	-36.781471	0.011888	275.862061
159	-37.043243	0.010750	376.175537
159	-38.337658	0.009112	476.489014
160	-38.764488	0.008600	476.489014
160	-39.491001	0.007901	401.253906
161	-39.926376	0.007792	326.018799
161	-40.646351	0.007392	275.862061
162	-42.397320	0.006992	250.783707
162	-40.966877	0.007421	200.626953
163	-42.835464	0.005946	200.626953
163	-46.398502	0.003966	225.705322
164	-51.605232	0.002530	225.705322
164	-54.590778	0.001655	576.802490
165	-58.914371	0.001108	852.664551
165	-56.240196	0.001134	1003.134827
166	-55.230053	0.001463	927.899658
166	-53.478542	0.001723	626.959229
167	-54.994797	0.001507	702.194336
167	-57.258289	0.001105	827.586182
168	-60.177116	0.000876	1003.134827
168	-61.892780	0.000390	551.724121
169	-81.030403	0.000000	0.000000
169	-81.030403	0.000000	0.000000
170	-81.030403	0.000000	0.000000
170	-81.030403	0.000000	0.000000
171	-81.030403	0.000000	0.000000
171	-81.030403	0.000000	0.000000
172	-81.030403	0.000000	0.000000
172	-81.030403	0.000000	0.000000
173	-81.030403	0.000000	0.000000
173	-81.030403	0.000000	0.000000
174	-81.030403	0.000000	0.000000
174	-81.030403	0.000000	0.000000
175	-81.030403	0.000000	0.000000
175	-81.030403	0.000000	0.000000
176	-81.030403	0.000000	0.000000
176	-81.030403	0.000000	0.000000
177	-81.030403	0.000000	0.000000
177	-81.030403	0.000000	0.000000
178	-81.030403	0.000000	0.000000
178	-81.030403	0.000000	0.000000
179	-81.030403	0.000000	0.000000
179	-81.030403	0.000000	0.000000
180	-81.030403	0.000000	0.000000
180	-81.030403	0.000000	0.000000
181	-81.030403	0.000000	0.000000
181	-81.030403	0.000000	0.000000
182	-81.030403	0.000000	0.000000
182	-81.030403	0.000000	0.000000
183	-81.030403	0.000000	0.000000
183	-81.030403	0.000000	0.000000
184	-81.030403	0.000000	0.000000
184	-81.030403	0.000000	0.000000
185	-81.030403	0.000000	0.000000
185	-81.030403	0.000000	0.000000
186	-81.030403	0.000000	0.000000
186	-81.030403	0.000000	0.000000
187	-81.030403	0.000000	0.000000
187	-81.030403	0.000000	0.000000
188	-81.030403	0.000000	0.000000
188	-81.030403	0.000000	0.000000
189	-81.030403	0.000000	0.000000
189	-81.030403	0.000000	0.000000
190	-81.030403	0.000000	0.000000
190	-81.030403	0.000000	0.000000
191	-81.030403	0.000000	0.000000
191	-81.030403	0.000000	0.000000
192	-81.030403	0.000000	0.000000
192	-81.030403	0.000000	0.000000
193	-81.030403	0.000000	0.000000
193	-81.030403	0.000000	0.000000
194	-81.030403	0.000000	0.000000
194	-81.030403	0.000000	0.000000
195	-81.030403	0.000000	0.000000
195	-81.030403	0.000000	0.000000
196	-81.030403	0.000000	0.000000
196	-81.030403	0.000000	0.000000
197	-81.030403	0.000000	0.000000
197	-81.030403	0.000000	0.000000
198	-81.030403	0.000000	0.000000
198	-81.030403	0.000000	0.000000
199	-81.030403	0.000000	0.000000
199	-81.030403	0.000000	0.000000
200	-81.030403	0.000000	0.000000
200	-81.030403	0.000000	0.000000
201	-81.030403	0.000000	0.000000
201	-81.030403	0.000000	0.000000
202	-81.030403	0.000000	0.000000
202	-81.030403	0.000000	0.000000
203	-81.030403	0.000000	0.000000
203	-81.030403	0.000000	0.000000
204	-81.030403	0.000000	0.000000
204	-81.030403	0.000000	0.000000
205	-81.030403	0.000000	0.000000
205	-81.030403	0.000000	0.000000
206	-81.030403	0.000000	0.000000
206	-81.030403	0.000000	0.000000
207	-81.030403	0.000000	0.000000
207	-81.030403	0.000000	0.000000
208	-81.030403	0.000000	0.000000
208	-81.030403	0.000000	0.000000
209	-81.030403	0.000000	0.000000
209	-81.030403	0.000000	0.000000
210	-81.030403	0.000000	0.000000
210	-81.030403	0.000000	0.000000
211	-81.030403	0.000000	0.000000
211	-81.030403	0.000000	0.000000
212	-81.030403	0.000000	0.000000
212	-81.030403	0.000000	0.000000
213	-81.030403	0.000000	0.000000
213	-81.030403	0.000000	0.000000
214	-81.030403	0.000000	0.000000
214	-81.030403	0.000000	0.000000
215	-81.030403	0.000000	0.000000
215	-81.030403	0.000000	0.000000
216	-81.030403	0.000000	0.000000
216	-81.030403	0.000000	0.000000
217	-81.030403	0.000000	0.000000
217	-81.030403	0.000000	0.000000
218	-81.030403	0.000000	0.000000
218	-81.030403	0.000000	0.000000
219	-81.030403	0.000000	0.000000
219	-81.030403	0.000000	0.000000
220	-81.030403	0.000000	0.000000
220	-81.030403	0.000000	0.000000
221	-81.030403	0.000000	0.000000
221	-81.030403	0.000000	0.000000
222	-81.030403	0.000000	0.000000
222	-81.030403	0.000000	0.000000
223	-81.030403	0.000000	0.000000
223	-81.030403	0.000000	0.000000
224	-81.030403	0.000000	0.000000
224	-81.030403	0.000000	0.000000
225	-81.030403	0.000000	0.000000
225	-81.030403	0.000000	0.000000
226	-81.030403	0.000000	0.000000
226	-81.030403	0.000000	0.000000
227	-81.030403	0.000000	0.000000
227	-81.030403	0.000000	0.000000
228	-81.030403	0.000000	0.000000
228	-81.030403	0.000000	0.000000
229	-81.030403	0.000000	0.000000
229	-81.030403	0.000000	0.000000
230	-55.065472	0.001064	351.097168
230	-51.767582	0.002464	652.037598
231	-46.379929	0.003879	576.802490
231	-43.271805	0.005709	476.489014
232	-42.102947	0.007004	275.862061
232	-41.771385	0.007222	150.470215
233	-40.460709	0.007007	250.783707
233	-44.176254	0.006019	300.940430
234	-47.014961	0.003755	1103.448242
234	-46.726749	0.003170	2808.777344
235	-46.002457	0.004323	3711.598633
235	-44.081623	0.005163	3561.128418
236	-44.684181	0.004074	3335.423096
236	-54.088966	0.002140	3009.404297
237	-53.398220	0.001615	1956.112793
237	-57.433586	0.001103	1404.388672
238	-61.434402	0.000770	978.056396
238	-55.721500	0.001185	576.802490
239	-58.083626	0.001322	1780.564209
239	-49.833626	0.002618	2658.307129
240	-45.185478	0.003791	2658.307129
240	-49.644066	0.002932	2783.698975
241	-52.509327	0.001868	2307.209961
241	-54.897095	0.001886	1103.448242
242	-43.073185	0.006658	275.862061
242	-36.498428	0.010538	275.862061
243	-36.870121	0.011516	476.489014
243	-36.692295	0.011755	476.489014
244	-36.310818	0.011682	401.253906
244	-36.301544	0.012761	326.018799
245	-36.798466	0.011346	401.253906
245	-36.937904	0.011276	551.724121
246	-37.100319	0.011814	727.272705
246	-37.676216	0.010649	927.899658
247	-37.226597	0.011244	927.899658
247	-37.045490	0.011504	877.742920
248	-36.444725	0.011405	652.037598
248	-36.432697	0.012620	652.037598
249	-36.662792	0.011683	702.194336
249	-36.752861	0.011659	401.253906
250	-36.615952	0.012315	401.253906
250	-36.595322	0.011150	551.724121
251	-36.472900	0.012548	551.724121
251	-36.149719	0.012832	677.115967
252	-36.674973	0.012106	576.802490
252	-36.832993	0.011957	501.567413
253	-37.166500	0.010194	601.880859
253	-37.681503	0.010426	426.332275
254	-37.536953	0.010893	401.253906
254	-36.748440	0.011325	476.489014
255	-36.511879	0.012552	601.880859
255	-37.192127	0.011445	702.194336
256	-37.522366	0.010890	501.567413
256	-38.440701	0.010177	351.097168
257	-40.065018	0.008635	326.018799
257	-41.271828	0.007446	250.783707
258	-43.180870	0.005473	250.783707
258	-49.895786	0.003068	1028.213135
259	-51.504784	0.001932	2131.661377
259	-51.775459	0.002351	2808.777344
260	-50.126190	0.002551	3084.639404
260	-49.444416	0.002538	3084.639404
261	-52.901192	0.001854	2357.366699
261	-54.962795	0.001430	1028.213135
262	-55.733734	0.001334	601.880859
262	-56.188889	0.001251	1479.623779
263	-54.456604	0.001565	2156.739746
263	-51.986294	0.001894	2181.818115
264	-54.280510	0.001572	1830.720947
264	-57.939510	0.001082	1053.291504
265	-57.459152	0.001072	677.115967
265	-48.434746	0.003572	551.724121
266	-40.589748	0.007135	551.724121
266	-40.005688	0.008101	752.351074
267	-40.641052	0.007242	927.899658
267	-42.670654	0.005760	902.821289
268	-43.136681	0.005277	677.115967
268	-44.036575	0.005311	777.429443
269	-42.607681	0.005793	752.351074
269	-40.754494	0.006929	777.429443
270	-40.721878	0.006962	952.978027
270	-40.488796	0.007792	877.742920
271	-38.464981	0.010057	802.507812
271	-36.068329	0.012758	727.272705
272	-34.777107	0.014531	601.880859
272	-35.280514	0.013662	576.802490
273	-36.588188	0.011965	476.489014
273	-37.794548	0.009768	426.332275
274	-39.269669	0.008060	401.253906
274	-42.644707	0.006483	401.253906
275	-45.620708	0.004474	376.175537
275	-47.062630	0.003267	351.097168
276	-50.563141	0.002442	376.175537
276	-54.365440	0.002205	376.175537
277	-49.038662	0.002063	476.489014
277	-51.500370	0.003020	351.097168
278	-42.043022	0.005410	225.705322
278	-39.975597	0.007663	451.410645
279	-38.812881	0.009713	551.724121
279	-36.637566	0.011530	551.724121
280	-34.944126	0.013016	551.724121
280	-34.163422	0.016011	501.567413
281	-34.367706	0.015910	501.567413
281	-36.758751	0.011868	501.567413
282	-39.346008	0.009055	351.097168
282	-42.434574	0.006831	225.705322
283	-44.739285	0.004497	677.115967
283	-50.340698	0.002898	2131.661377
284	-50.002304	0.002600	3235.109619
284	-47.070976	0.003328	3260.187988
285	-46.236557	0.003791	2984.325928
285	-48.369804	0.003421	2808.777344
286	-49.317917	0.002556	2808.777344
286	-52.527222	0.001818	2608.150391
287	-53.006405	0.001859	1905.956055
287	-54.079731	0.001736	927.899658
288	-53.665344	0.001492	601.880859
288	-57.082359	0.001836	476.489014
289	-44.321884	0.004759	175.548584
289	-42.246952	0.006601	326.018799
290	-42.122131	0.006571	401.253906
290	-41.746674	0.007228	150.470215
291	-42.299877	0.006630	100.313477
291	-41.469307	0.006493	75.235107
292	-42.284546	0.006908	125.391853
292	-42.357834	0.006188	300.940430
293	-43.501823	0.005442	326.018799
293	-43.363621	0.005621	326.018799
294	-42.987179	0.006064	275.862061
294	-43.477310	0.005934	401.253906
295	-41.963852	0.006066	727.272705
295	-41.376381	0.007166	752.351074
296	-41.002811	0.007499	677.115967
296	-40.953766	0.006883	551.724121
297	-41.109531	0.007133	376.175537
297	-40.143284	0.008718	351.097168
298	-38.872688	0.009886	401.253906
298	-37.696255	0.010368	476.489014
299	-38.259346	0.009839	451.410645
299	-40.765572	0.008368	401.253906
300	-41.820618	0.006834	326.018799
300	-42.619839	0.005848	225.705322
301	-42.881752	0.006009	250.783707
301	-42.864552	0.005348	401.253906
302	-44.165695	0.004526	376.175537
302	-44.783764	0.004657	200.626953
303	-46.110764	0.004175	125.391853
303	-50.108421	0.002771	150.470215
304	-55.385616	0.001522	300.940430
304	-59.022743	0.000929	501.567413
305	-61.388313	0.000694	476.489014
305	-60.523777	0.000948	576.802490
306	-53.563072	0.001450	702.194336
306	-48.656597	0.003417	401.253906
307	-41.204563	0.006527	426.332275
307	-40.252804	0.008331	626.959229
308	-37.560108	0.010197	551.724121
308	-37.175369	0.011566	476.489014
309	-38.590561	0.009776	451.410645
309	-41.855659	0.006671	426.332275
310	-44.446758	0.005076	275.862061
310	-47.884674	0.003728	200.626953
311	-51.447666	0.002429	952.978027
311	-48.726753	0.002844	1554.858887
312	-47.583408	0.003140	1504.702148
312	-49.711899	0.002713	1554.858887
313	-49.765087	0.002630	1680.250732
313	-49.763966	0.002257	1755.485840
314	-53.323532	0.001838	1830.720947
314	-53.593166	0.001649	1579.937256
315	-56.073570	0.001295	1354.231934
315	-57.409706	0.001170	978.056396
316	-58.290882	0.000975	702.194336
316	-59.261383	0.000917	526.645752
317	-51.459042	0.002612	250.783707
317	-42.887547	0.005645	200.626953
318	-41.024441	0.007486	275.862061
318	-40.444523	0.007797	601.880859
319	-39.997913	0.007601	727.272705
319	-40.568504	0.007663	526.645752
320	-40.955139	0.007199	727.272705
320	-40.994423	0.007348	752.351074
321	-40.766773	0.007772	476.489014
321	-41.224297	0.007480	451.410645
322	-41.275204	0.007066	401.253906
322	-40.607956	0.006833	426.332275
323	-41.258331	0.007070	401.253906
323	-43.043461	0.006880	275.862061
324	-42.486004	0.006194	300.940430
324	-43.621868	0.005742	326.018799
325	-42.896587	0.004403	351.097168
325	-49.689850	0.003628	300.940430
326	-47.307484	0.003314	225.705322
326	-49.260468	0.002906	200.626953
327	-50.990292	0.002520	351.097168
327	-53.265835	0.001825	501.567413
328	-54.912045	0.001474	401.253906
328	-61.599155	0.000418	200.626953
329	-81.030403	0.000000	0.000000
329	-81.030403	0.000000	0.000000
330	-81.030403	0.000000	0.000000
330	-81.030403	0.000000	0.000000
331	-81.030403	0.000000	0.000000
331	-81.030403	0.000000	0.000000
332	-81.030403	0.000000	0.000000
332	-81.030403	0.000000	0.000000
333	-81.030403	0.000000	0.000000
333	-81.030403	0.000000	0.000000
334	-81.030403	0.000000	0.000000
334	-81.030403	0.000000	0.000000
335	-81.030403	0.000000	0.000000
335	-81.030403	0.000000	0.000000
336	-81.030403	0.000000	0.000000
336	-81.030403	0.000000	0.000000
337	-81.030403	0.000000	0.000000
337	-81.030403	0.000000	0.000000
338	-81.030403	0.000000	0.000000
338	-81.030403	0.000000	0.000000
339	-81.030403	0.000000	0.000000
339	-81.030403	0.000000	0.000000
340	-81.030403	0.000000	0.000000
340	-81.030403	0.000000	0.000000
341	-81.030403	0.000000	0.000000
341	-81.030403	0.000000	0.000000
342	-81.030403	0.000000	0.000000
342	-81.030403	0.000000	0.000000
343	-81.030403	0.000000	0.000000
343	-81.030403	0.000000	0.000000
344	-81.030403	0.000000	0.000000
344	-81.030403	0.000000	0.000000
345	-81.030403	0.000000	0.000000
345	-81.030403	0.000000	0.000000
346	-81.030403	0.000000	0.000000
346	-81.030403	0.000000	0.000000
347	-81.030403	0.000000	0.000000
347	-81.030403	0.000000	0.000000
348	-81.030403	0.000000	0.000000
348	-81.030403	0.000000	0.000000
349	-81.030403	0.000000	0.000000
349	-81.030403	0.000000	0.000000
350	-81.030403	0.000000	0.000000
350	-81.030403	0.000000	0.000000
351	-81.030403	0.000000	0.000000
351	-81.030403	0.000000	0.000000
352	-81.030403	0.000000	0.000000
352	-81.030403	0.000000	0.000000
353	-81.030403	0.000000	0.000000
353	-81.030403	0.000000	0.000000
354	-81.030403	0.000000	0.000000
354	-81.030403	0.000000	0.000000
355	-81.030403	0.000000	0.000000
355	-81.030403	0.000000	0.000000
356	-81.030403	0.000000	0.000000
356	-81.030403	0.000000	0.000000
357	-81.030403	0.000000	0.000000
357	-81.030403	0.000000	0.000000
358	-81.030403	0.000000	0.000000
358	-81.030403	0.000000	0.000000
359	-81.030403	0.000000	0.000000
359	-81.030403	0.000000	0.000000
360	-81.030403	0.000000	0.000000
360	-81.030403	0.000000	0.000000
361	-81.030403	0.000000	0.000000
361	-81.030403	0.000000	0.000000
362	-81.030403	0.000000	0.000000
362	-81.030403	0.000000	0.000000
363	-81.030403	0.000000	0.000000
363	-81.030403	0.000000	0.000000
364	-81.030403	0.000000	0.000000
364	-81.030403	0.000000	0.000000
365	-81.030403	0.000000	0.000000
365	-81.030403	0.000000	0.000000
366	-81.030403	0.000000	0.000000
366	-81.030403	0.000000	0.000000
367	-81.030403	0.000000	0.000000
367	-81.030403	0.000000	0.000000
368	-81.030403	0.000000	0.000000
368	-81.030403	0.000000	0.000000
369	-81.030403	0.000000	0.000000
369	-81.030403	0.000000	0.000000
370	-81.030403	0.000000	0.000000
370	-81.030403	0.000000	0.000000
371	-81.030403	0.000000	0.000000
371	-81.030403	0.000000	0.000000
372	-81.030403	0.000000	0.000000
372	-81.030403	0.000000	0.000000
373	-81.030403	0.000000	0.000000
373	-81.030403	0.000000	0.000000
374	-81.030403	0.000000	0.000000
374	-81.030403	0.000000	0.000000
375	-81.030403	0.000000	0.000000
375	-81.030403	0.000000	0.000000
376	-81.030403	0.000000	0.000000
376	-81.030403	0.000000	0.000000
377	-81.030403	0.000000	0.000000
377	-81.030403	0.000000	0.000000
378	-81.030403	0.000000	0.000000
378	-81.030403	0.000000	0.000000
379	-81.030403	0.000000	0.000000
379	-81.030403	0.000000	0.000000
380	-81.030403	0.000000	0.000000
380	-81.030403	0.000000	0.000000
381	-81.030403	0.000000	0.000000
381	-81.030403	0.000000	0.000000
382	-81.030403	0.000000	0.000000
382	-81.030403	0.000000	0.000000
383	-81.030403	0.000000	0.000000
383	-81.030403	0.000000	0.000000
384	-81.030403	0.000000	0.000000
384	-81.030403	0.000000	0.000000
385	-81.030403	0.000000	0.000000
385	-81.030403	0.000000	0.000000
386	-81.030403	0.000000	0.000000
386	-81.030403	0.000000	0.000000
387	-81.030403	0.000000	0.000000
387	-81.030403	0.000000	0.000000
388	-81.030403	0.000000	0.000000
388	-81.030403	0.000000	0.000000
389	-81.030403	0.000000	0.000000
389	-81.030403	0.000000	0.000000
390	-81.030403	0.000000	0.000000
390	-81.030403	0.000000	0.000000
391	-81.030403	0.000000	0.000000
391	-81.030403	0.000000	0.000000
392	-81.030403	0.000000	0.000000
392	-81.030403	0.000000	0.000000
393	-81.030403	0.000000	0.000000
393	-81.030403	0.000000	0.000000
394	-81.030403	0.000000	0.000000
394	-81.030403	0.000000	0.000000
395	-81.030403	0.000000	0.000000
395	-81.030403	0.000000	0.000000
396	-81.030403	0.000000	0.000000
396	-81.030403	0.000000	0.000000
397	-81.030403	0.000000	0.000000
397	-51.910614	0.001507	125.391853
398	-49.198677	0.003801	200.626953
398	-44.632687	0.005025	225.705322
399	-41.432171	0.006906	225.705322
399	-39.786533	0.008871	376.175537
400	-37.384319	0.010744	727.272705
400	-36.664162	0.010957	952.978027
401	-36.921719	0.010590	902.821289
401	-36.085922	0.012320	752.351074
402	-34.873192	0.013745	677.115967
402	-35.318066	0.014319	551.724121
403	-34.989937	0.013194	526.645752
403	-35.312477	0.013309	501.567413
404	-35.243046	0.014821	677.115967
404	-34.087543	0.016017	702.194336
405	-32.774494	0.016862	601.880859
405	-33.700504	0.017245	501.567413
406	-34.638889	0.015498	501.567413
406	-34.983326	0.012834	576.802490
407	-35.343426	0.014121	451.410645
407	-34.944893	0.014972	376.175537
408	-35.337536	0.013687	476.489014
408	-36.019745	0.012319	476.489014
409	-37.061241	0.011843	300.940430
409	-38.733871	0.010562	150.470215
410	-39.497124	0.008989	175.548584
410	-39.956371	0.009118	225.705322
411	-40.397820	0.008189	200.626953
411	-43.000072	0.006342	351.097168
412	-45.330143	0.004618	1028.213135
412	-47.565575	0.003326	2106.583008
413	-49.325916	0.002584	2884.012451
413	-49.628010	0.002898	2633.228760
414	-46.363117	0.004926	1454.545410
414	-39.907883	0.007805	401.253906
415	-39.111900	0.009292	250.783707
415	-39.243729	0.008572	501.567413
416	-38.911179	0.008820	476.489014
416	-39.886452	0.008703	476.489014
417	-41.233719	0.006768	727.272705
417	-42.792866	0.005418	1178.683350
418	-45.088093	0.004822	1705.329102
418	-45.710175	0.004587	2382.445068
419	-44.535622	0.004516	2432.601807
419	-45.877533	0.003406	1429.467041
420	-53.991096	0.001895	526.645752
420	-53.023495	0.001576	376.175537
421	-57.560738	0.001346	376.175537
421	-59.590668	0.000944	652.037598
422	-53.678455	0.001750	1103.448242
422	-46.391510	0.002820	1278.996826
423	-52.049942	0.002133	1253.918457
423	-57.565578	0.001892	827.586182
424	-42.388927	0.005452	426.332275
424	-38.820061	0.008733	326.018799
425	-38.902615	0.009405	451.410645
425	-38.686710	0.008839	501.567413
426	-42.135277	0.006275	376.175537
426	-46.495808	0.003957	376.175537
427	-50.880169	0.002517	626.959229
427	-52.335106	0.001914	902.821289
428	-52.503624	0.002020	1128.526611
428	-51.777287	0.001950	1128.526611
429	-54.503944	0.001553	1153.604980
429	-56.740292	0.001161	1554.858887
430	-58.014118	0.001046	2056.426270
430	-57.429192	0.001073	2608.150391
431	-56.407719	0.001217	2031.348022
431	-57.962673	0.001344	978.056396
432	-50.143169	0.003207	501.567413
432	-39.373032	0.007672	351.097168
433	-37.113327	0.010644	401.253906
433	-36.840637	0.011882	526.645752
434	-36.665806	0.011701	601.880859
434	-36.990662	0.011619	601.880859
435	-36.840992	0.012030	677.115967
435	-37.416271	0.010841	802.507812
436	-37.284332	0.011040	852.664551
436	-36.503696	0.012561	777.429443
437	-35.649525	0.013040	677.115967
437	-35.351791	0.014039	601.880859
438	-34.228333	0.015464	626.959229
438	-34.352207	0.015247	626.959229
439	-34.710682	0.015003	626.959229
439	-36.997810	0.011530	652.037598
440	-40.212307	0.007366	802.507812
440	-40.110020	0.007701	852.664551
441	-39.806465	0.008194	902.821289
441	-39.320011	0.008302	777.429443
442	-37.447601	0.010141	727.272705
442	-37.008015	0.010939	902.821289
443	-37.177509	0.010503	777.429443
443	-37.659000	0.010144	626.959229
444	-38.252552	0.010261	626.959229
444	-38.735420	0.009728	526.645752
445	-40.059895	0.007611	401.253906
445	-40.303257	0.007759	351.097168
446	-40.027149	0.008692	376.175537
446	-39.651340	0.008021	401.253906
447	-40.050922	0.007497	476.489014
447	-39.937878	0.008091	576.802490
448	-39.741600	0.008700	601.880859
448	-39.632507	0.008038	727.272705
449	-39.760246	0.007739	601.880859
449	-39.553230	0.009224	225.705322
450	-38.585499	0.010129	125.391853
450	-38.485252	0.010340	125.391853
451	-38.548458	0.009961	175.548584
451	-39.291046	0.009611	175.548584
452	-40.185925	0.009186	100.313477
452	-42.223820	0.006737	100.313477
453	-46.322456	0.004065	175.548584
453	-54.525135	0.002144	401.253906
454	-53.768204	0.001504	777.429443
454	-52.864269	0.001837	1003.134827
455	-52.422665	0.001800	1153.604980
455	-54.404953	0.001659	1605.015625
456	-50.730259	0.002325	2006.269653
456	-47.749382	0.003110	2407.523438
457	-48.191181	0.002968	2432.601807
457	-51.390388	0.002255	2156.739746
458	-52.777515	0.001767	1830.720947
458	-56.526848	0.001220	1429.467041
459	-61.298729	0.000968	952.978027
459	-44.909328	0.005151	351.097168
460	-39.290539	0.008007	250.783707
460	-41.018604	0.006978	476.489014
461	-40.316761	0.007907	476.489014
461	-39.793907	0.008323	401.253906
462	-39.127773	0.008214	476.489014
462	-38.908298	0.008527	576.802490
463	-40.425606	0.007892	576.802490
463	-40.809681	0.007189	451.410645
464	-40.383389	0.007356	326.018799
464	-40.200134	0.008183	250.783707
465	-39.279533	0.008936	225.705322
465	-39.817410	0.008160	200.626953
466	-39.941708	0.007252	225.705322
466	-40.370636	0.007857	351.097168
467	-40.467697	0.007340	426.332275
467	-41.323914	0.005873	401.253906
468	-42.645397	0.005475	275.862061
468	-43.178688	0.005911	300.940430
469	-42.244186	0.006532	601.880859
469	-39.164997	0.008793	777.429443
470	-36.237782	0.012412	827.586182
470	-34.969608	0.013790	777.429443
471	-34.920967	0.014144	576.802490
471	-35.069801	0.014897	526.645752
472	-34.970318	0.014361	526.645752
472	-35.366039	0.013725	476.489014
473	-36.263000	0.012774	551.724121
473	-37.279572	0.011109	626.959229
474	-38.651516	0.009685	401.253906
474	-39.190556	0.008830	225.705322
475	-39.558537	0.009027	225.705322
475	-39.222878	0.009631	225.705322
476	-38.792885	0.009698	275.862061
476	-38.355545	0.010031	326.018799
477	-37.741653	0.010561	326.018799
477	-37.895081	0.010195	351.097168
478	-38.138233	0.010593	551.724121
478	-37.569710	0.010013	702.194336
479	-39.032108	0.008235	677.115967
479	-39.896561	0.007325	626.959229
480	-40.349823	0.007481	376.175537
480	-40.362324	0.007611	326.018799
481	-40.728252	0.007443	451.410645
481	-41.707619	0.006765	476.489014
482	-41.948360	0.006234	451.410645
482	-42.412525	0.006050	326.018799
483	-43.190895	0.005556	250.783707
483	-43.931435	0.005096	175.548584
484	-45.143593	0.004579	125.391853
484	-47.475140	0.003357	351.097168
485	-54.714603	0.001722	1354.231934
485	-52.488869	0.001607	2282.131592
486	-52.317043	0.001932	2357.366699
486	-53.004063	0.001874	2808.777344
487	-52.877636	0.001893	3285.266357
487	-52.060936	0.001823	3034.482666
488	-54.084286	0.001710	2884.012451
488	-53.508343	0.001625	2583.072021
489	-54.199799	0.001368	1404.388672
489	-57.835922	0.001229	601.880859
490	-56.539974	0.001298	601.880859
490	-56.897881	0.001194	401.253906
491	-53.432137	0.002226	175.548584
491	-46.088631	0.003784	200.626953
492	-45.424908	0.004403	376.175537
492	-45.794716	0.004331	426.332275
493	-46.053375	0.004180	426.332275
493	-46.811836	0.003979	551.724121
494	-47.176876	0.003500	526.645752
494	-46.422127	0.003719	526.645752
495	-46.831215	0.003919	576.802490
495	-46.434441	0.003590	576.802490
496	-48.528027	0.003167	601.880859
496	-48.370945	0.003164	451.410645
497	-48.691998	0.003237	351.097168
497	-49.508083	0.002915	351.097168
498	-49.680836	0.002832	376.175537
498	-48.199520	0.003092	351.097168
499	-50.776184	0.002809	275.862061
499	-50.649376	0.002348	250.783707
500	-50.089172	0.002534	200.626953
500	-50.757729	0.002560	150.470215
501	-51.225010	0.002417	200.626953
501	-51.364731	0.002054	275.862061
502	-53.285278	0.001709	300.940430
502	-53.982819	0.001769	275.862061
503	-56.115631	0.001501	250.783707
503	-57.098244	0.001057	351.097168
504	-58.048710	0.000929	376.175537
504	-61.112656	0.000953	351.097168
505	-57.998089	0.000919	300.940430
505	-62.422802	0.000665	476.489014
506	-61.157036	0.000710	376.175537
506	-61.696777	0.000716	376.175537
507	-58.295750	0.000691	902.821289
507	-62.944046	0.000845	1379.310303
508	-57.035770	0.001141	2608.150391
508	-53.832256	0.001702	3510.971680
509	-54.326046	0.001459	3134.796143
509	-61.091518	0.000800	2532.915283
510	-60.998531	0.000828	2231.974854
510	-54.253990	0.001770	2608.150391
511	-50.777153	0.002124	3109.717773
511	-55.215755	0.001519	2482.758545
512	-59.155102	0.000929	1905.956055
512	-64.822189	0.000299	978.056396
513	-81.030403	0.000000	0.000000
513	-81.030403	0.000000	0.000000
514	-81.030403	0.000000	0.000000
514	-81.030403	0.000000	0.000000
515	-81.030403	0.000000	0.000000
515	-81.030403	0.000000	0.000000
516	-81.030403	0.000000	0.000000
516	-81.030403	0.000000	0.000000
517	-81.030403	0.000000	0.000000
517	-81.030403	0.000000	0.000000
518	-81.030403	0.000000	0.000000
518	-81.030403	0.000000	0.000000
519	-81.030403	0.000000	0.000000
519	-81.030403	0.000000	0.000000
520	-81.030403	0.000000	0.000000
520	-81.030403	0.000000	0.000000
521	-81.030403	0.000000	0.000000
521	-81.030403	0.000000	0.000000
522	-81.030403	0.000000	0.000000
522	-81.030403	0.000000	0.000000
523	-81.030403	0.000000	0.000000
523	-81.030403	0.000000	0.000000
524	-81.030403	0.000000	0.000000
524	-81.030403	0.000000	0.000000
525	-81.030403	0.000000	0.000000
525	-81.030403	0.000000	0.000000
526	-81.030403	0.000000	0.000000
526	-81.030403	0.000000	0.000000
527	-81.030403	0.000000	0.000000
527	-81.030403	0.000000	0.000000
528	-81.030403	0.000000	0.000000
528	-81.030403	0.000000	0.000000
529	-81.030403	0.000000	0.000000
529	-81.030403	0.000000	0.000000
530	-81.030403	0.000000	0.000000
530	-81.030403	0.000000	0.000000
531	-81.030403	0.000000	0.000000
531	-81.030403	0.000000	0.000000
532	-81.030403	0.000000	0.000000
532	-81.030403	0.000000	0.000000
533	-81.030403	0.000000	0.000000
533	-81.030403	0.000000	0.000000
